 MDM      Mh1     Mh2      Mhc      ld345        ld         Omega       protonSI     Br(H->h1h1)    Br(H->h2h2)   Br(H->h-h+)     Width_H      HB     HS      R      v_stab     LEP    S        T   
10.00   10.00   201.00   201.00   1.000E+00   3.730E+00   1.908E-02    4.011E-05     9.991E-01      0.000E+00     0.000E+00     4.611E+00      0      0    1.003      3        1    -0.022    0.000 
11.00   11.00   201.00   201.00   1.000E+00   3.730E+00   1.808E-02    3.322E-05     9.991E-01      0.000E+00     0.000E+00     4.598E+00      0      0    1.003      3        1    -0.022    0.000 
12.00   12.00   201.00   201.00   1.000E+00   3.730E+00   1.736E-02    2.796E-05     9.991E-01      0.000E+00     0.000E+00     4.584E+00      0      0    1.003      3        1    -0.022    0.000 
13.00   13.00   201.00   201.00   1.000E+00   3.730E+00   1.680E-02    2.384E-05     9.991E-01      0.000E+00     0.000E+00     4.569E+00      0      0    1.003      3        1    -0.022    0.000 
14.00   14.00   201.00   201.00   1.000E+00   3.730E+00   1.634E-02    2.056E-05     9.991E-01      0.000E+00     0.000E+00     4.553E+00      0      0    1.003      3        1    -0.022    0.000 
15.00   15.00   201.00   201.00   1.000E+00   3.730E+00   1.593E-02    1.790E-05     9.991E-01      0.000E+00     0.000E+00     4.535E+00      0      0    1.003      3        1    -0.022    0.000 
16.00   16.00   201.00   201.00   1.000E+00   3.730E+00   1.557E-02    1.573E-05     9.991E-01      0.000E+00     0.000E+00     4.516E+00      0      0    1.003      3        1    -0.022    0.000 
17.00   17.00   201.00   201.00   1.000E+00   3.730E+00   1.523E-02    1.392E-05     9.991E-01      0.000E+00     0.000E+00     4.495E+00      0      0    1.003      3        1    -0.022    0.000 
18.00   18.00   201.00   201.00   1.000E+00   3.730E+00   1.489E-02    1.240E-05     9.990E-01      0.000E+00     0.000E+00     4.474E+00      0      0    1.003      3        1    -0.022    0.000 
19.00   19.00   201.00   201.00   1.000E+00   3.730E+00   1.457E-02    1.112E-05     9.990E-01      0.000E+00     0.000E+00     4.450E+00      0      0    1.003      3        1    -0.022    0.000 
20.00   20.00   201.00   201.00   1.000E+00   3.730E+00   1.424E-02    1.003E-05     9.990E-01      0.000E+00     0.000E+00     4.426E+00      0      0    1.003      3        1    -0.022    0.000 
21.00   21.00   201.00   201.00   1.000E+00   3.730E+00   1.391E-02    9.083E-06     9.990E-01      0.000E+00     0.000E+00     4.400E+00      0      0    1.003      3        1    -0.022    0.000 
22.00   22.00   201.00   201.00   1.000E+00   3.730E+00   1.358E-02    8.265E-06     9.990E-01      0.000E+00     0.000E+00     4.373E+00      0      0    1.003      3        1    -0.022    0.000 
23.00   23.00   201.00   201.00   1.000E+00   3.730E+00   1.324E-02    7.552E-06     9.990E-01      0.000E+00     0.000E+00     4.344E+00      0      0    1.003      3        1    -0.021    0.000 
24.00   24.00   201.00   201.00   1.000E+00   3.730E+00   1.289E-02    6.927E-06     9.990E-01      0.000E+00     0.000E+00     4.313E+00      0      0    1.003      3        1    -0.021    0.000 
25.00   25.00   201.00   201.00   1.000E+00   3.730E+00   1.253E-02    6.375E-06     9.990E-01      0.000E+00     0.000E+00     4.282E+00      0      0    1.003      3        1    -0.021    0.000 
26.00   26.00   201.00   201.00   1.000E+00   3.730E+00   1.216E-02    5.886E-06     9.990E-01      0.000E+00     0.000E+00     4.248E+00      0      0    1.003      3        1    -0.021    0.000 
27.00   27.00   201.00   201.00   1.000E+00   3.730E+00   1.178E-02    5.451E-06     9.990E-01      0.000E+00     0.000E+00     4.213E+00      0      0    1.003      3        1    -0.021    0.000 
28.00   28.00   201.00   201.00   1.000E+00   3.730E+00   1.139E-02    5.062E-06     9.990E-01      0.000E+00     0.000E+00     4.177E+00      0      0    1.003      3        1    -0.021    0.000 
29.00   29.00   201.00   201.00   1.000E+00   3.730E+00   1.100E-02    4.712E-06     9.990E-01      0.000E+00     0.000E+00     4.138E+00      0      0    1.003      3        1    -0.021    0.000 
30.00   30.00   201.00   201.00   1.000E+00   3.730E+00   1.060E-02    4.398E-06     9.990E-01      0.000E+00     0.000E+00     4.098E+00      0      0    1.003      3        1    -0.021    0.000 
31.00   31.00   201.00   201.00   1.000E+00   3.730E+00   1.018E-02    4.113E-06     9.990E-01      0.000E+00     0.000E+00     4.057E+00      0      0    1.003      3        1    -0.021    0.000 
32.00   32.00   201.00   201.00   1.000E+00   3.730E+00   9.766E-03    3.855E-06     9.989E-01      0.000E+00     0.000E+00     4.013E+00      0      0    1.003      3        1    -0.021    0.000 
33.00   33.00   201.00   201.00   1.000E+00   3.730E+00   9.342E-03    3.620E-06     9.989E-01      0.000E+00     0.000E+00     3.968E+00      0      0    1.003      3        1    -0.021    0.000 
34.00   34.00   201.00   201.00   1.000E+00   3.730E+00   8.913E-03    3.406E-06     9.989E-01      0.000E+00     0.000E+00     3.920E+00      0      0    1.003      3        1    -0.021    0.000 
35.00   35.00   201.00   201.00   1.000E+00   3.730E+00   8.479E-03    3.210E-06     9.989E-01      0.000E+00     0.000E+00     3.871E+00      0      0    1.003      3        1    -0.021    0.000 
36.00   36.00   201.00   201.00   1.000E+00   3.730E+00   8.042E-03    3.030E-06     9.989E-01      0.000E+00     0.000E+00     3.819E+00      0      0    1.003      3        1    -0.021    0.000 
37.00   37.00   201.00   201.00   1.000E+00   3.730E+00   7.603E-03    2.865E-06     9.989E-01      0.000E+00     0.000E+00     3.766E+00      0      0    1.003      3        1    -0.021    0.000 
38.00   38.00   201.00   201.00   1.000E+00   3.730E+00   7.163E-03    2.713E-06     9.989E-01      0.000E+00     0.000E+00     3.710E+00      0      0    1.003      3        1    -0.020    0.000 
39.00   39.00   201.00   201.00   1.000E+00   3.730E+00   6.722E-03    2.573E-06     9.988E-01      0.000E+00     0.000E+00     3.651E+00      0      0    1.003      3        1    -0.020    0.000 
40.00   40.00   201.00   201.00   1.000E+00   3.730E+00   6.281E-03    2.443E-06     9.988E-01      0.000E+00     0.000E+00     3.590E+00      0      0    1.003      3        1    -0.020    0.000 
41.00   41.00   201.00   201.00   1.000E+00   3.730E+00   5.843E-03    2.322E-06     9.988E-01      0.000E+00     0.000E+00     3.527E+00      0      0    1.003      3        1    -0.020    0.000 
42.00   42.00   201.00   201.00   1.000E+00   3.730E+00   5.412E-03    2.210E-06     9.988E-01      0.000E+00     0.000E+00     3.460E+00      0      0    1.003      3        1    -0.020    0.000 
43.00   43.00   201.00   201.00   1.000E+00   3.730E+00   4.983E-03    2.106E-06     9.987E-01      0.000E+00     0.000E+00     3.391E+00      0      0    1.003      3        1    -0.020    0.000 
44.00   44.00   201.00   201.00   1.000E+00   3.730E+00   4.560E-03    2.009E-06     9.987E-01      0.000E+00     0.000E+00     3.319E+00      0      0    1.003      3        1    -0.020    0.000 
45.00   45.00   201.00   201.00   1.000E+00   3.730E+00   4.144E-03    1.919E-06     9.987E-01      0.000E+00     0.000E+00     3.243E+00      0      0    1.003      3        1    -0.020    0.000 
46.00   46.00   201.00   201.00   1.000E+00   3.730E+00   3.736E-03    1.834E-06     9.987E-01      0.000E+00     0.000E+00     3.164E+00      0      0    1.003      3        1    -0.020    0.000 
47.00   47.00   201.00   201.00   1.000E+00   3.730E+00   3.339E-03    1.755E-06     9.986E-01      0.000E+00     0.000E+00     3.081E+00      0      0    1.003      3        1    -0.020    0.000 
48.00   48.00   201.00   201.00   1.000E+00   3.730E+00   2.953E-03    1.681E-06     9.986E-01      0.000E+00     0.000E+00     2.993E+00      0      0    1.003      3        1    -0.020    0.000 
49.00   49.00   201.00   201.00   1.000E+00   3.730E+00   2.580E-03    1.612E-06     9.985E-01      0.000E+00     0.000E+00     2.901E+00      0      0    1.003      3        1    -0.019    0.000 
50.00   50.00   201.00   201.00   1.000E+00   3.730E+00   2.221E-03    1.546E-06     9.985E-01      0.000E+00     0.000E+00     2.804E+00      0      0    1.003      3        1    -0.019    0.000 
51.00   51.00   201.00   201.00   1.000E+00   3.730E+00   1.878E-03    1.485E-06     9.984E-01      0.000E+00     0.000E+00     2.702E+00      0      0    1.003      3        1    -0.019    0.000 
52.00   52.00   201.00   201.00   1.000E+00   3.730E+00   1.549E-03    1.427E-06     9.984E-01      0.000E+00     0.000E+00     2.593E+00      0      0    1.003      3        1    -0.019    0.000 
53.00   53.00   201.00   201.00   1.000E+00   3.730E+00   1.256E-03    1.372E-06     9.983E-01      0.000E+00     0.000E+00     2.478E+00      0      0    1.003      3        1    -0.019    0.000 
54.00   54.00   201.00   201.00   1.000E+00   3.730E+00   9.618E-04    1.320E-06     9.982E-01      0.000E+00     0.000E+00     2.354E+00      0      0    1.003      3        1    -0.019    0.000 
55.00   55.00   201.00   201.00   1.000E+00   3.730E+00   6.936E-04    1.272E-06     9.981E-01      0.000E+00     0.000E+00     2.221E+00      0      0    1.003      3        1    -0.019    0.000 
56.00   56.00   201.00   201.00   1.000E+00   3.730E+00   4.618E-04    1.225E-06     9.980E-01      0.000E+00     0.000E+00     2.077E+00      0      0    1.003      3        1    -0.019    0.000 
57.00   57.00   201.00   201.00   1.000E+00   3.730E+00   2.770E-04    1.182E-06     9.978E-01      0.000E+00     0.000E+00     1.919E+00      0      0    1.003      3        1    -0.019    0.000 
58.00   58.00   201.00   201.00   1.000E+00   3.730E+00   1.465E-04    1.140E-06     9.976E-01      0.000E+00     0.000E+00     1.743E+00      0      0    1.003      3        1    -0.019    0.000 
59.00   59.00   201.00   201.00   1.000E+00   3.730E+00   6.700E-05    1.101E-06     9.972E-01      0.000E+00     0.000E+00     1.544E+00      0      0    1.003      3        1    -0.018    0.000 
60.00   60.00   201.00   201.00   1.000E+00   3.730E+00   2.591E-05    1.064E-06     9.968E-01      0.000E+00     0.000E+00     1.311E+00      0      0    1.003      3        1    -0.018    0.000 
61.00   61.00   201.00   201.00   1.000E+00   3.730E+00   8.257E-06    1.028E-06     9.958E-01      0.000E+00     0.000E+00     1.021E+00      0      0    1.003      3        1    -0.018    0.000 
62.00   62.00   201.00   201.00   1.000E+00   3.730E+00   1.621E-06    9.943E-07     9.928E-01      0.000E+00     0.000E+00     5.934E-01      0      0    1.003      3        1    -0.018    0.000 
63.00   63.00   201.00   201.00   1.000E+00   3.730E+00   1.499E-05    9.622E-07     0.000E+00      0.000E+00     0.000E+00     4.255E-03      1      1    1.003      3        1    -0.018    0.000 
64.00   64.00   201.00   201.00   1.000E+00   3.730E+00   7.079E-05    9.316E-07     0.000E+00      0.000E+00     0.000E+00     4.255E-03      1      1    1.003      3        1    -0.018    0.000 
65.00   65.00   201.00   201.00   1.000E+00   3.730E+00   1.507E-04    9.024E-07     0.000E+00      0.000E+00     0.000E+00     4.255E-03      1      1    1.003      3        1    -0.018    0.000 
66.00   66.00   201.00   201.00   1.000E+00   3.730E+00   2.459E-04    8.745E-07     0.000E+00      0.000E+00     0.000E+00     4.255E-03      1      1    1.003      3        1    -0.018    0.000 
67.00   67.00   201.00   201.00   1.000E+00   3.730E+00   3.489E-04    8.479E-07     0.000E+00      0.000E+00     0.000E+00     4.255E-03      1      1    1.003      3        1    -0.018    0.000 
68.00   68.00   201.00   201.00   1.000E+00   3.730E+00   4.521E-04    8.225E-07     0.000E+00      0.000E+00     0.000E+00     4.255E-03      1      1    1.003      3        1    -0.017    0.000 
69.00   69.00   201.00   201.00   1.000E+00   3.730E+00   5.489E-04    7.982E-07     0.000E+00      0.000E+00     0.000E+00     4.255E-03      1      1    1.003      3        1    -0.017    0.000 
70.00   70.00   201.00   201.00   1.000E+00   3.730E+00   6.325E-04    7.749E-07     0.000E+00      0.000E+00     0.000E+00     4.255E-03      1      1    1.003      3        1    -0.017    0.000 
71.00   71.00   201.00   201.00   1.000E+00   3.730E+00   6.992E-04    7.527E-07     0.000E+00      0.000E+00     0.000E+00     4.255E-03      1      1    1.003      3        1    -0.017    0.000 
72.00   72.00   201.00   201.00   1.000E+00   3.730E+00   7.436E-04    7.314E-07     0.000E+00      0.000E+00     0.000E+00     4.255E-03      1      1    1.003      3        1    -0.017    0.000 
73.00   73.00   201.00   201.00   1.000E+00   3.730E+00   7.620E-04    7.109E-07     0.000E+00      0.000E+00     0.000E+00     4.255E-03      1      1    1.003      3        1    -0.017    0.000 
74.00   74.00   201.00   201.00   1.000E+00   3.730E+00   7.506E-04    6.913E-07     0.000E+00      0.000E+00     0.000E+00     4.255E-03      1      1    1.003      3        1    -0.017    0.000 
75.00   75.00   201.00   201.00   1.000E+00   3.730E+00   7.086E-04    6.725E-07     0.000E+00      0.000E+00     0.000E+00     4.255E-03      1      1    1.003      3        1    -0.017    0.000 
76.00   76.00   201.00   201.00   1.000E+00   3.730E+00   6.357E-04    6.545E-07     0.000E+00      0.000E+00     0.000E+00     4.255E-03      1      1    1.003      3        1    -0.017    0.000 
77.00   77.00   201.00   201.00   1.000E+00   3.730E+00   5.363E-04    6.371E-07     0.000E+00      0.000E+00     0.000E+00     4.255E-03      1      1    1.003      3        1    -0.016    0.000 
78.00   78.00   201.00   201.00   1.000E+00   3.730E+00   4.197E-04    6.204E-07     0.000E+00      0.000E+00     0.000E+00     4.255E-03      1      1    1.003      3        1    -0.016    0.000 
79.00   79.00   201.00   201.00   1.000E+00   3.730E+00   3.144E-04    6.044E-07     0.000E+00      0.000E+00     0.000E+00     4.255E-03      1      1    1.003      3        1    -0.016    0.000 
80.00   80.00   201.00   201.00   1.000E+00   3.730E+00   2.268E-04    5.890E-07     0.000E+00      0.000E+00     0.000E+00     4.255E-03      1      1    1.003      3        1    -0.016    0.000 
81.00   81.00   201.00   201.00   1.000E+00   3.730E+00   1.760E-04    5.741E-07     0.000E+00      0.000E+00     0.000E+00     4.255E-03      1      1    1.003      3        1    -0.016    0.000 
82.00   82.00   201.00   201.00   1.000E+00   3.730E+00   1.522E-04    5.598E-07     0.000E+00      0.000E+00     0.000E+00     4.255E-03      1      1    1.003      3        1    -0.016    0.000 
83.00   83.00   201.00   201.00   1.000E+00   3.730E+00   1.402E-04    5.460E-07     0.000E+00      0.000E+00     0.000E+00     4.255E-03      1      1    1.003      3        1    -0.016    0.000 
84.00   84.00   201.00   201.00   1.000E+00   3.730E+00   1.337E-04    5.327E-07     0.000E+00      0.000E+00     0.000E+00     4.255E-03      1      1    1.003      3        1    -0.016    0.000 
85.00   85.00   201.00   201.00   1.000E+00   3.730E+00   1.287E-04    5.198E-07     0.000E+00      0.000E+00     0.000E+00     4.255E-03      1      1    1.003      3        1    -0.015    0.000 
86.00   86.00   201.00   201.00   1.000E+00   3.730E+00   1.271E-04    5.074E-07     0.000E+00      0.000E+00     0.000E+00     4.255E-03      1      1    1.003      3        1    -0.015    0.000 
87.00   87.00   201.00   201.00   1.000E+00   3.730E+00   1.260E-04    4.955E-07     0.000E+00      0.000E+00     0.000E+00     4.255E-03      1      1    1.003      3        1    -0.015    0.000 
88.00   88.00   201.00   201.00   1.000E+00   3.730E+00   1.248E-04    4.840E-07     0.000E+00      0.000E+00     0.000E+00     4.255E-03      1      1    1.003      3        1    -0.015    0.000 
89.00   89.00   201.00   201.00   1.000E+00   3.730E+00   1.232E-04    4.728E-07     0.000E+00      0.000E+00     0.000E+00     4.255E-03      1      1    1.003      3        1    -0.015    0.000 
90.00   90.00   201.00   201.00   1.000E+00   3.730E+00   1.203E-04    4.620E-07     0.000E+00      0.000E+00     0.000E+00     4.255E-03      1      1    1.003      3        1    -0.015    0.000 
91.00   91.00   201.00   201.00   1.000E+00   3.730E+00   1.163E-04    4.516E-07     0.000E+00      0.000E+00     0.000E+00     4.255E-03      1      1    1.003      3        1    -0.015    0.000 
92.00   92.00   201.00   201.00   1.000E+00   3.730E+00   1.128E-04    4.416E-07     0.000E+00      0.000E+00     0.000E+00     4.255E-03      1      1    1.003      3        1    -0.015    0.000 
93.00   93.00   201.00   201.00   1.000E+00   3.730E+00   1.106E-04    4.318E-07     0.000E+00      0.000E+00     0.000E+00     4.255E-03      1      1    1.003      3        1    -0.014    0.000 
94.00   94.00   201.00   201.00   1.000E+00   3.730E+00   1.094E-04    4.224E-07     0.000E+00      0.000E+00     0.000E+00     4.255E-03      1      1    1.003      3        1    -0.014    0.000 
95.00   95.00   201.00   201.00   1.000E+00   3.730E+00   1.089E-04    4.133E-07     0.000E+00      0.000E+00     0.000E+00     4.255E-03      1      1    1.003      3        1    -0.014    0.000 
96.00   96.00   201.00   201.00   1.000E+00   3.730E+00   1.089E-04    4.045E-07     0.000E+00      0.000E+00     0.000E+00     4.255E-03      1      1    1.003      3        1    -0.014    0.000 
97.00   97.00   201.00   201.00   1.000E+00   3.730E+00   1.090E-04    3.959E-07     0.000E+00      0.000E+00     0.000E+00     4.255E-03      1      1    1.003      3        1    -0.014    0.000 
98.00   98.00   201.00   201.00   1.000E+00   3.730E+00   1.096E-04    3.876E-07     0.000E+00      0.000E+00     0.000E+00     4.255E-03      1      1    1.003      3        1    -0.014    0.000 
99.00   99.00   201.00   201.00   1.000E+00   3.730E+00   1.104E-04    3.796E-07     0.000E+00      0.000E+00     0.000E+00     4.255E-03      1      1    1.003      3        1    -0.014    0.000 
100.00   100.00   201.00   201.00   1.000E+00   3.730E+00   1.113E-04    3.718E-07     0.000E+00      0.000E+00     0.000E+00     4.255E-03      1      1    1.003      3        1    -0.014    0.000 
101.00   101.00   201.00   201.00   1.000E+00   3.730E+00   1.122E-04    3.643E-07     0.000E+00      0.000E+00     0.000E+00     4.255E-03      1      1    1.003      3        1    -0.013    0.000 
102.00   102.00   201.00   201.00   1.000E+00   3.730E+00   1.132E-04    3.569E-07     0.000E+00      0.000E+00     0.000E+00     4.255E-03      1      1    1.003      3        1    -0.013    0.000 
103.00   103.00   201.00   201.00   1.000E+00   3.730E+00   1.142E-04    3.498E-07     0.000E+00      0.000E+00     0.000E+00     4.255E-03      1      1    1.003      3        1    -0.013    0.000 
104.00   104.00   201.00   201.00   1.000E+00   3.730E+00   1.152E-04    3.429E-07     0.000E+00      0.000E+00     0.000E+00     4.255E-03      1      1    1.003      3        1    -0.013    0.000 
105.00   105.00   201.00   201.00   1.000E+00   3.730E+00   1.163E-04    3.362E-07     0.000E+00      0.000E+00     0.000E+00     4.255E-03      1      1    1.003      3        1    -0.013    0.000 
106.00   106.00   201.00   201.00   1.000E+00   3.730E+00   1.175E-04    3.297E-07     0.000E+00      0.000E+00     0.000E+00     4.255E-03      1      1    1.003      3        1    -0.013    0.000 
107.00   107.00   201.00   201.00   1.000E+00   3.730E+00   1.187E-04    3.234E-07     0.000E+00      0.000E+00     0.000E+00     4.255E-03      1      1    1.003      3        1    -0.013    0.000 
108.00   108.00   201.00   201.00   1.000E+00   3.730E+00   1.198E-04    3.172E-07     0.000E+00      0.000E+00     0.000E+00     4.255E-03      1      1    1.003      3        1    -0.013    0.000 
109.00   109.00   201.00   201.00   1.000E+00   3.730E+00   1.212E-04    3.113E-07     0.000E+00      0.000E+00     0.000E+00     4.255E-03      1      1    1.003      3        1    -0.012    0.000 
110.00   110.00   201.00   201.00   1.000E+00   3.730E+00   1.225E-04    3.055E-07     0.000E+00      0.000E+00     0.000E+00     4.255E-03      1      1    1.003      3        1    -0.012    0.000 
111.00   111.00   201.00   201.00   1.000E+00   3.730E+00   1.233E-04    2.998E-07     0.000E+00      0.000E+00     0.000E+00     4.255E-03      1      1    1.003      3        1    -0.012    0.000 
112.00   112.00   201.00   201.00   1.000E+00   3.730E+00   1.243E-04    2.943E-07     0.000E+00      0.000E+00     0.000E+00     4.255E-03      1      1    1.003      3        1    -0.012    0.000 
113.00   113.00   201.00   201.00   1.000E+00   3.730E+00   1.257E-04    2.890E-07     0.000E+00      0.000E+00     0.000E+00     4.255E-03      1      1    1.003      3        1    -0.012    0.000 
114.00   114.00   201.00   201.00   1.000E+00   3.730E+00   1.271E-04    2.838E-07     0.000E+00      0.000E+00     0.000E+00     4.255E-03      1      1    1.003      3        1    -0.012    0.000 
115.00   115.00   201.00   201.00   1.000E+00   3.730E+00   1.285E-04    2.787E-07     0.000E+00      0.000E+00     0.000E+00     4.255E-03      1      1    1.003      3        1    -0.012    0.000 
116.00   116.00   201.00   201.00   1.000E+00   3.730E+00   1.299E-04    2.738E-07     0.000E+00      0.000E+00     0.000E+00     4.255E-03      1      1    1.003      3        1    -0.011    0.000 
117.00   117.00   201.00   201.00   1.000E+00   3.730E+00   1.311E-04    2.690E-07     0.000E+00      0.000E+00     0.000E+00     4.255E-03      1      1    1.003      3        1    -0.011    0.000 
118.00   118.00   201.00   201.00   1.000E+00   3.730E+00   1.322E-04    2.643E-07     0.000E+00      0.000E+00     0.000E+00     4.255E-03      1      1    1.003      3        1    -0.011    0.000 
119.00   119.00   201.00   201.00   1.000E+00   3.730E+00   1.328E-04    2.597E-07     0.000E+00      0.000E+00     0.000E+00     4.255E-03      1      1    1.003      3        1    -0.011    0.000 
120.00   120.00   201.00   201.00   1.000E+00   3.730E+00   1.327E-04    2.553E-07     0.000E+00      0.000E+00     0.000E+00     4.255E-03      1      1    1.003      3        1    -0.011    0.000 
121.00   121.00   201.00   201.00   1.000E+00   3.730E+00   1.315E-04    2.510E-07     0.000E+00      0.000E+00     0.000E+00     4.255E-03      1      1    1.003      3        1    -0.011    0.000 
122.00   122.00   201.00   201.00   1.000E+00   3.730E+00   1.282E-04    2.467E-07     0.000E+00      0.000E+00     0.000E+00     4.255E-03      1      1    1.003      3        1    -0.011    0.000 
123.00   123.00   201.00   201.00   1.000E+00   3.730E+00   1.219E-04    2.426E-07     0.000E+00      0.000E+00     0.000E+00     4.255E-03      1      1    1.003      3        1    -0.011    0.000 
124.00   124.00   201.00   201.00   1.000E+00   3.730E+00   1.110E-04    2.386E-07     0.000E+00      0.000E+00     0.000E+00     4.255E-03      1      1    1.003      3        1    -0.010    0.000 
125.00   125.00   201.00   201.00   1.000E+00   3.730E+00   9.355E-05    2.347E-07     0.000E+00      0.000E+00     0.000E+00     4.255E-03      1      1    1.003      3        1    -0.010    0.000 
126.00   126.00   201.00   201.00   1.000E+00   3.730E+00   8.503E-05    2.309E-07     0.000E+00      0.000E+00     0.000E+00     4.255E-03      1      1    1.003      3        1    -0.010    0.000 
127.00   127.00   201.00   201.00   1.000E+00   3.730E+00   8.212E-05    2.271E-07     0.000E+00      0.000E+00     0.000E+00     4.255E-03      1      1    1.003      3        1    -0.010    0.000 
128.00   128.00   201.00   201.00   1.000E+00   3.730E+00   8.106E-05    2.235E-07     0.000E+00      0.000E+00     0.000E+00     4.255E-03      1      1    1.003      3        1    -0.010    0.000 
129.00   129.00   201.00   201.00   1.000E+00   3.730E+00   8.108E-05    2.199E-07     0.000E+00      0.000E+00     0.000E+00     4.255E-03      1      1    1.003      3        1    -0.010    0.000 
130.00   130.00   201.00   201.00   1.000E+00   3.730E+00   8.184E-05    2.164E-07     0.000E+00      0.000E+00     0.000E+00     4.255E-03      1      1    1.003      3        1    -0.010    0.000 
131.00   131.00   201.00   201.00   1.000E+00   3.730E+00   8.310E-05    2.131E-07     0.000E+00      0.000E+00     0.000E+00     4.255E-03      1      1    1.003      3        1    -0.009    0.000 
132.00   132.00   201.00   201.00   1.000E+00   3.730E+00   8.471E-05    2.097E-07     0.000E+00      0.000E+00     0.000E+00     4.255E-03      1      1    1.003      3        1    -0.009    0.000 
133.00   133.00   201.00   201.00   1.000E+00   3.730E+00   8.660E-05    2.065E-07     0.000E+00      0.000E+00     0.000E+00     4.255E-03      1      1    1.003      3        1    -0.009    0.000 
134.00   134.00   201.00   201.00   1.000E+00   3.730E+00   8.874E-05    2.033E-07     0.000E+00      0.000E+00     0.000E+00     4.255E-03      1      1    1.003      3        1    -0.009    0.000 
135.00   135.00   201.00   201.00   1.000E+00   3.730E+00   9.107E-05    2.002E-07     0.000E+00      0.000E+00     0.000E+00     4.255E-03      1      1    1.003      3        1    -0.009    0.000 
136.00   136.00   201.00   201.00   1.000E+00   3.730E+00   9.358E-05    1.972E-07     0.000E+00      0.000E+00     0.000E+00     4.255E-03      1      1    1.003      3        1    -0.009    0.000 
137.00   137.00   201.00   201.00   1.000E+00   3.730E+00   9.624E-05    1.943E-07     0.000E+00      0.000E+00     0.000E+00     4.255E-03      1      1    1.003      3        1    -0.009    0.000 
138.00   138.00   201.00   201.00   1.000E+00   3.730E+00   9.904E-05    1.914E-07     0.000E+00      0.000E+00     0.000E+00     4.255E-03      1      1    1.003      3        1    -0.008    0.000 
139.00   139.00   201.00   201.00   1.000E+00   3.730E+00   1.020E-04    1.885E-07     0.000E+00      0.000E+00     0.000E+00     4.255E-03      1      1    1.003      3        1    -0.008    0.000 
140.00   140.00   201.00   201.00   1.000E+00   3.730E+00   1.050E-04    1.858E-07     0.000E+00      0.000E+00     0.000E+00     4.255E-03      1      1    1.003      3        1    -0.008    0.000 
141.00   141.00   201.00   201.00   1.000E+00   3.730E+00   1.082E-04    1.831E-07     0.000E+00      0.000E+00     0.000E+00     4.255E-03      1      1    1.003      3        1    -0.008    0.000 
142.00   142.00   201.00   201.00   1.000E+00   3.730E+00   1.115E-04    1.804E-07     0.000E+00      0.000E+00     0.000E+00     4.255E-03      1      1    1.003      3        1    -0.008    0.000 
143.00   143.00   201.00   201.00   1.000E+00   3.730E+00   1.149E-04    1.778E-07     0.000E+00      0.000E+00     0.000E+00     4.255E-03      1      1    1.003      3        1    -0.008    0.000 
144.00   144.00   201.00   201.00   1.000E+00   3.730E+00   1.183E-04    1.753E-07     0.000E+00      0.000E+00     0.000E+00     4.255E-03      1      1    1.003      3        1    -0.008    0.000 
145.00   145.00   201.00   201.00   1.000E+00   3.730E+00   1.219E-04    1.728E-07     0.000E+00      0.000E+00     0.000E+00     4.255E-03      1      1    1.003      3        1    -0.008    0.000 
146.00   146.00   201.00   201.00   1.000E+00   3.730E+00   1.256E-04    1.704E-07     0.000E+00      0.000E+00     0.000E+00     4.255E-03      1      1    1.003      3        1    -0.007    0.000 
147.00   147.00   201.00   201.00   1.000E+00   3.730E+00   1.294E-04    1.660E-07     0.000E+00      0.000E+00     0.000E+00     4.255E-03      1      1    1.003      3        1    -0.007    0.000 
148.00   148.00   201.00   201.00   1.000E+00   3.730E+00   1.332E-04    1.637E-07     0.000E+00      0.000E+00     0.000E+00     4.255E-03      1      1    1.003      3        1    -0.007    0.000 
149.00   149.00   201.00   201.00   1.000E+00   3.730E+00   1.372E-04    1.615E-07     0.000E+00      0.000E+00     0.000E+00     4.255E-03      1      1    1.003      3        1    -0.007    0.000 
150.00   150.00   201.00   201.00   1.000E+00   3.730E+00   1.412E-04    1.593E-07     0.000E+00      0.000E+00     0.000E+00     4.255E-03      1      1    1.003      3        1    -0.007    0.000 
151.00   151.00   201.00   201.00   1.000E+00   3.730E+00   1.454E-04    1.572E-07     0.000E+00      0.000E+00     0.000E+00     4.255E-03      1      1    1.003      3        1    -0.007    0.000 
152.00   152.00   201.00   201.00   1.000E+00   3.730E+00   1.496E-04    1.551E-07     0.000E+00      0.000E+00     0.000E+00     4.255E-03      1      1    1.003      3        1    -0.007    0.000 
153.00   153.00   201.00   201.00   1.000E+00   3.730E+00   1.540E-04    1.531E-07     0.000E+00      0.000E+00     0.000E+00     4.255E-03      1      1    1.003      3        1    -0.006    0.000 
154.00   154.00   201.00   201.00   1.000E+00   3.730E+00   1.584E-04    1.511E-07     0.000E+00      0.000E+00     0.000E+00     4.255E-03      1      1    1.003      3        1    -0.006    0.000 
155.00   155.00   201.00   201.00   1.000E+00   3.730E+00   1.629E-04    1.491E-07     0.000E+00      0.000E+00     0.000E+00     4.255E-03      1      1    1.003      3        1    -0.006    0.000 
156.00   156.00   201.00   201.00   1.000E+00   3.730E+00   1.676E-04    1.472E-07     0.000E+00      0.000E+00     0.000E+00     4.255E-03      1      1    1.003      3        1    -0.006    0.000 
157.00   157.00   201.00   201.00   1.000E+00   3.730E+00   1.723E-04    1.453E-07     0.000E+00      0.000E+00     0.000E+00     4.255E-03      1      1    1.003      3        1    -0.006    0.000 
158.00   158.00   201.00   201.00   1.000E+00   3.730E+00   1.772E-04    1.435E-07     0.000E+00      0.000E+00     0.000E+00     4.255E-03      1      1    1.003      3        1    -0.006    0.000 
159.00   159.00   201.00   201.00   1.000E+00   3.730E+00   1.822E-04    1.416E-07     0.000E+00      0.000E+00     0.000E+00     4.255E-03      1      1    1.003      3        1    -0.006    0.000 
160.00   160.00   201.00   201.00   1.000E+00   3.730E+00   1.873E-04    1.399E-07     0.000E+00      0.000E+00     0.000E+00     4.255E-03      1      1    1.003      3        1    -0.006    0.000 
161.00   161.00   201.00   201.00   1.000E+00   3.730E+00   1.925E-04    1.381E-07     0.000E+00      0.000E+00     0.000E+00     4.255E-03      1      1    1.003      3        1    -0.005    0.000 
162.00   162.00   201.00   201.00   1.000E+00   3.730E+00   1.979E-04    1.364E-07     0.000E+00      0.000E+00     0.000E+00     4.255E-03      1      1    1.003      3        1    -0.005    0.000 
163.00   163.00   201.00   201.00   1.000E+00   3.730E+00   2.034E-04    1.347E-07     0.000E+00      0.000E+00     0.000E+00     4.255E-03      1      1    1.003      3        1    -0.005    0.000 
164.00   164.00   201.00   201.00   1.000E+00   3.730E+00   2.090E-04    1.331E-07     0.000E+00      0.000E+00     0.000E+00     4.255E-03      1      1    1.003      3        1    -0.005    0.000 
165.00   165.00   201.00   201.00   1.000E+00   3.730E+00   2.148E-04    1.314E-07     0.000E+00      0.000E+00     0.000E+00     4.255E-03      1      1    1.003      3        1    -0.005    0.000 
166.00   166.00   201.00   201.00   1.000E+00   3.730E+00   2.208E-04    1.298E-07     0.000E+00      0.000E+00     0.000E+00     4.255E-03      1      1    1.003      3        1    -0.005    0.000 
167.00   167.00   201.00   201.00   1.000E+00   3.730E+00   2.269E-04    1.283E-07     0.000E+00      0.000E+00     0.000E+00     4.255E-03      1      1    1.003      3        1    -0.005    0.000 
168.00   168.00   201.00   201.00   1.000E+00   3.730E+00   2.332E-04    1.267E-07     0.000E+00      0.000E+00     0.000E+00     4.255E-03      1      1    1.003      3        1    -0.004    0.000 
169.00   169.00   201.00   201.00   1.000E+00   3.730E+00   2.397E-04    1.252E-07     0.000E+00      0.000E+00     0.000E+00     4.255E-03      1      1    1.003      3        1    -0.004    0.000 
170.00   170.00   201.00   201.00   1.000E+00   3.730E+00   2.464E-04    1.230E-07     0.000E+00      0.000E+00     0.000E+00     4.255E-03      1      1    1.003      3        1    -0.004    0.000 
171.00   171.00   201.00   201.00   1.000E+00   3.730E+00   2.534E-04    1.216E-07     0.000E+00      0.000E+00     0.000E+00     4.255E-03      1      1    1.003      3        1    -0.004    0.000 
172.00   172.00   201.00   201.00   1.000E+00   3.730E+00   2.605E-04    1.202E-07     0.000E+00      0.000E+00     0.000E+00     4.255E-03      1      1    1.003      3        1    -0.004    0.000 
173.00   173.00   201.00   201.00   1.000E+00   3.730E+00   2.678E-04    1.188E-07     0.000E+00      0.000E+00     0.000E+00     4.255E-03      1      1    1.003      3        1    -0.004    0.000 
174.00   174.00   201.00   201.00   1.000E+00   3.730E+00   2.754E-04    1.175E-07     0.000E+00      0.000E+00     0.000E+00     4.255E-03      1      1    1.003      3        1    -0.004    0.000 
175.00   175.00   201.00   201.00   1.000E+00   3.730E+00   2.832E-04    1.161E-07     0.000E+00      0.000E+00     0.000E+00     4.255E-03      1      1    1.003      3        1    -0.003    0.000 
176.00   176.00   201.00   201.00   1.000E+00   3.730E+00   2.915E-04    1.148E-07     0.000E+00      0.000E+00     0.000E+00     4.255E-03      1      1    1.003      3        1    -0.003    0.000 
177.00   177.00   201.00   201.00   1.000E+00   3.730E+00   3.001E-04    1.136E-07     0.000E+00      0.000E+00     0.000E+00     4.255E-03      1      1    1.003      3        1    -0.003    0.000 
178.00   178.00   201.00   201.00   1.000E+00   3.730E+00   3.094E-04    1.123E-07     0.000E+00      0.000E+00     0.000E+00     4.255E-03      1      1    1.003      3        1    -0.003    0.000 
179.00   179.00   201.00   201.00   1.000E+00   3.730E+00   3.193E-04    1.110E-07     0.000E+00      0.000E+00     0.000E+00     4.255E-03      1      1    1.003      3        1    -0.003    0.000 
180.00   180.00   201.00   201.00   1.000E+00   3.730E+00   3.299E-04    1.098E-07     0.000E+00      0.000E+00     0.000E+00     4.255E-03      1      1    1.003      3        1    -0.003    0.000 
181.00   181.00   201.00   201.00   1.000E+00   3.730E+00   3.414E-04    1.086E-07     0.000E+00      0.000E+00     0.000E+00     4.255E-03      1      1    1.003      3        1    -0.003    0.000 
182.00   182.00   201.00   201.00   1.000E+00   3.730E+00   3.539E-04    1.074E-07     0.000E+00      0.000E+00     0.000E+00     4.255E-03      1      1    1.003      3        1    -0.003    0.000 
183.00   183.00   201.00   201.00   1.000E+00   3.730E+00   3.678E-04    1.063E-07     0.000E+00      0.000E+00     0.000E+00     4.255E-03      1      1    1.003      3        1    -0.002    0.000 
184.00   184.00   201.00   201.00   1.000E+00   3.730E+00   3.831E-04    1.051E-07     0.000E+00      0.000E+00     0.000E+00     4.255E-03      1      1    1.003      3        1    -0.002    0.000 
185.00   185.00   201.00   201.00   1.000E+00   3.730E+00   4.002E-04    1.040E-07     0.000E+00      0.000E+00     0.000E+00     4.255E-03      1      1    1.003      3        1    -0.002    0.000 
186.00   186.00   201.00   201.00   1.000E+00   3.730E+00   4.195E-04    1.029E-07     0.000E+00      0.000E+00     0.000E+00     4.255E-03      1      1    1.003      3        1    -0.002    0.000 
187.00   187.00   201.00   201.00   1.000E+00   3.730E+00   4.412E-04    1.018E-07     0.000E+00      0.000E+00     0.000E+00     4.255E-03      1      1    1.003      3        1    -0.002    0.000 
188.00   188.00   201.00   201.00   1.000E+00   3.730E+00   4.661E-04    1.007E-07     0.000E+00      0.000E+00     0.000E+00     4.255E-03      1      1    1.003      3        1    -0.002    0.000 
189.00   189.00   201.00   201.00   1.000E+00   3.730E+00   4.947E-04    9.966E-08     0.000E+00      0.000E+00     0.000E+00     4.255E-03      1      1    1.003      3        1    -0.002    0.000 
190.00   190.00   201.00   201.00   1.000E+00   3.730E+00   5.277E-04    9.862E-08     0.000E+00      0.000E+00     0.000E+00     4.255E-03      1      1    1.003      3        1    -0.001    0.000 
191.00   191.00   201.00   201.00   1.000E+00   3.730E+00   5.664E-04    9.759E-08     0.000E+00      0.000E+00     0.000E+00     4.255E-03      1      1    1.003      3        1    -0.001    0.000 
192.00   192.00   201.00   201.00   1.000E+00   3.730E+00   6.118E-04    9.658E-08     0.000E+00      0.000E+00     0.000E+00     4.255E-03      1      1    1.003      3        1    -0.001    0.000 
193.00   193.00   201.00   201.00   1.000E+00   3.730E+00   6.659E-04    9.559E-08     0.000E+00      0.000E+00     0.000E+00     4.255E-03      1      1    1.003      3        1    -0.001    0.000 
194.00   194.00   201.00   201.00   1.000E+00   3.730E+00   7.311E-04    9.461E-08     0.000E+00      0.000E+00     0.000E+00     4.255E-03      1      1    1.003      3        1    -0.001    0.000 
195.00   195.00   201.00   201.00   1.000E+00   3.730E+00   8.106E-04    9.365E-08     0.000E+00      0.000E+00     0.000E+00     4.255E-03      1      1    1.003      3        1    -0.001    0.000 
196.00   196.00   201.00   201.00   1.000E+00   3.730E+00   9.093E-04    9.270E-08     0.000E+00      0.000E+00     0.000E+00     4.255E-03      1      1    1.003      3        1    -0.001    0.000 
197.00   197.00   201.00   201.00   1.000E+00   3.730E+00   1.034E-03    9.176E-08     0.000E+00      0.000E+00     0.000E+00     4.255E-03      1      1    1.003      3        1    -0.001    0.000 
198.00   198.00   201.00   201.00   1.000E+00   3.730E+00   1.197E-03    9.084E-08     0.000E+00      0.000E+00     0.000E+00     4.255E-03      1      1    1.003      3        1    -0.000    0.000 
199.00   199.00   201.00   201.00   1.000E+00   3.730E+00   1.418E-03    8.994E-08     0.000E+00      0.000E+00     0.000E+00     4.255E-03      1      1    1.003      3        1    -0.001    0.000 
200.00   200.00   201.00   201.00   1.000E+00   3.730E+00   1.726E-03    8.904E-08     0.000E+00      0.000E+00     0.000E+00     4.255E-03      1      1    1.003      3        1    -0.001    0.000 
