 Mh1    ld345       cs_(fb)   
 10    -1.00E-02    8.3384E+01 
 11    -1.00E-02    8.3194E+01 
 12    -1.00E-02    8.3095E+01 
 13    -1.00E-02    8.2755E+01 
 14    -1.00E-02    8.2470E+01 
 15    -1.00E-02    8.2253E+01 
 16    -1.00E-02    8.2025E+01 
 17    -1.00E-02    8.1789E+01 
 18    -1.00E-02    8.1507E+01 
 19    -1.00E-02    8.0957E+01 
 20    -1.00E-02    8.0722E+01 
 21    -1.00E-02    8.0239E+01 
 22    -1.00E-02    7.9846E+01 
 23    -1.00E-02    7.9367E+01 
 24    -1.00E-02    7.8906E+01 
 25    -1.00E-02    7.8460E+01 
 26    -1.00E-02    7.7938E+01 
 27    -1.00E-02    7.7537E+01 
 28    -1.00E-02    7.6884E+01 
 29    -1.00E-02    7.6457E+01 
 30    -1.00E-02    7.5732E+01 
 31    -1.00E-02    7.5061E+01 
 32    -1.00E-02    7.4341E+01 
 33    -1.00E-02    7.3792E+01 
 34    -1.00E-02    7.2959E+01 
 35    -1.00E-02    7.2169E+01 
 36    -1.00E-02    7.1154E+01 
 37    -1.00E-02    7.0383E+01 
 38    -1.00E-02    6.9420E+01 
 39    -1.00E-02    6.8596E+01 
 40    -1.00E-02    6.7539E+01 
 41    -1.00E-02    6.6533E+01 
 42    -1.00E-02    6.5474E+01 
 43    -1.00E-02    6.4508E+01 
 44    -1.00E-02    6.3285E+01 
 45    -1.00E-02    6.1954E+01 
 46    -1.00E-02    6.0622E+01 
 47    -1.00E-02    5.9248E+01 
 48    -1.00E-02    5.7766E+01 
 49    -1.00E-02    5.6231E+01 
 50    -1.00E-02    5.4486E+01 
 51    -1.00E-02    5.2802E+01 
 52    -1.00E-02    5.0843E+01 
 53    -1.00E-02    4.8765E+01 
 54    -1.00E-02    4.6691E+01 
 55    -1.00E-02    4.4222E+01 
 56    -1.00E-02    4.1640E+01 
 57    -1.00E-02    3.8705E+01 
 58    -1.00E-02    3.5514E+01 
 59    -1.00E-02    3.1604E+01 
 60    -1.00E-02    2.7146E+01 
 61    -1.00E-02    2.1392E+01 
 62    -1.00E-02    1.2652E+01 
 63    -1.00E-02    1.0648E-02 
 64    -1.00E-02    5.0726E-03 
 65    -1.00E-02    3.4465E-03 
 66    -1.00E-02    2.6086E-03 
 67    -1.00E-02    2.0871E-03 
 68    -1.00E-02    1.7320E-03 
 69    -1.00E-02    1.4737E-03 
 70    -1.00E-02    1.2725E-03 
 71    -1.00E-02    1.1146E-03 
 72    -1.00E-02    9.8449E-04 
 73    -1.00E-02    8.7952E-04 
 74    -1.00E-02    7.8977E-04 
 75    -1.00E-02    7.1514E-04 
 76    -1.00E-02    6.4908E-04 
 77    -1.00E-02    5.9341E-04 
 78    -1.00E-02    5.4297E-04 
 79    -1.00E-02    5.0005E-04 
 80    -1.00E-02    4.6186E-04 
 81    -1.00E-02    4.2713E-04 
 82    -1.00E-02    3.9735E-04 
 83    -1.00E-02    3.6906E-04 
 84    -1.00E-02    3.4325E-04 
 85    -1.00E-02    3.2171E-04 
 86    -1.00E-02    3.0044E-04 
 87    -1.00E-02    2.8183E-04 
 88    -1.00E-02    2.6435E-04 
 89    -1.00E-02    2.4847E-04 
 90    -1.00E-02    2.3431E-04 
 91    -1.00E-02    2.2059E-04 
 92    -1.00E-02    2.0867E-04 
 93    -1.00E-02    1.9718E-04 
 94    -1.00E-02    1.8628E-04 
 95    -1.00E-02    1.7632E-04 
 96    -1.00E-02    1.6710E-04 
 97    -1.00E-02    1.5831E-04 
 98    -1.00E-02    1.5065E-04 
 99    -1.00E-02    1.4318E-04 
 100    -1.00E-02    1.3626E-04 
 101    -1.00E-02    1.2949E-04 
 102    -1.00E-02    1.2348E-04 
 103    -1.00E-02    1.1762E-04 
 104    -1.00E-02    1.1215E-04 
 105    -1.00E-02    1.0708E-04 
 106    -1.00E-02    1.0246E-04 
 107    -1.00E-02    9.7785E-05 
 108    -1.00E-02    9.3440E-05 
 109    -1.00E-02    8.9498E-05 
 110    -1.00E-02    8.5619E-05 
 111    -1.00E-02    8.2049E-05 
 112    -1.00E-02    7.8630E-05 
 113    -1.00E-02    7.5444E-05 
 114    -1.00E-02    7.2287E-05 
 115    -1.00E-02    6.9353E-05 
 116    -1.00E-02    6.6574E-05 
 117    -1.00E-02    6.3973E-05 
 118    -1.00E-02    6.1461E-05 
 119    -1.00E-02    5.9066E-05 
 120    -1.00E-02    5.6816E-05 
 121    -1.00E-02    5.4623E-05 
 122    -1.00E-02    5.2483E-05 
 123    -1.00E-02    5.0660E-05 
 124    -1.00E-02    4.8676E-05 
 125    -1.00E-02    4.6831E-05 
 126    -1.00E-02    4.5177E-05 
 127    -1.00E-02    4.3584E-05 
 128    -1.00E-02    4.1999E-05 
 129    -1.00E-02    4.0523E-05 
 130    -1.00E-02    3.9051E-05 
 131    -1.00E-02    3.7719E-05 
 132    -1.00E-02    3.6421E-05 
 133    -1.00E-02    3.5202E-05 
 134    -1.00E-02    3.3966E-05 
 135    -1.00E-02    3.2756E-05 
 136    -1.00E-02    3.1725E-05 
 137    -1.00E-02    3.0675E-05 
 138    -1.00E-02    2.9609E-05 
 139    -1.00E-02    2.8724E-05 
 140    -1.00E-02    2.7772E-05 
 141    -1.00E-02    2.6831E-05 
 142    -1.00E-02    2.5947E-05 
 143    -1.00E-02    2.5165E-05 
 144    -1.00E-02    2.4347E-05 
 145    -1.00E-02    2.3589E-05 
 146    -1.00E-02    2.2878E-05 
 147    -1.00E-02    2.2132E-05 
 148    -1.00E-02    2.1444E-05 
 149    -1.00E-02    2.0806E-05 
 150    -1.00E-02    2.0138E-05 
 151    -1.00E-02    1.9535E-05 
 152    -1.00E-02    1.8946E-05 
 153    -1.00E-02    1.8402E-05 
 154    -1.00E-02    1.7851E-05 
 155    -1.00E-02    1.7313E-05 
 156    -1.00E-02    1.6797E-05 
 157    -1.00E-02    1.6302E-05 
 158    -1.00E-02    1.5818E-05 
 159    -1.00E-02    1.5400E-05 
 160    -1.00E-02    1.4943E-05 
 161    -1.00E-02    1.4532E-05 
 162    -1.00E-02    1.4080E-05 
 163    -1.00E-02    1.3667E-05 
 164    -1.00E-02    1.3302E-05 
 165    -1.00E-02    1.2904E-05 
 166    -1.00E-02    1.2559E-05 
 167    -1.00E-02    1.2215E-05 
 168    -1.00E-02    1.1897E-05 
 169    -1.00E-02    1.1542E-05 
 170    -1.00E-02    1.1235E-05 
 171    -1.00E-02    1.0946E-05 
 172    -1.00E-02    1.0641E-05 
 173    -1.00E-02    1.0347E-05 
 174    -1.00E-02    1.0084E-05 
 175    -1.00E-02    9.7947E-06 
 176    -1.00E-02    9.5448E-06 
 177    -1.00E-02    9.2859E-06 
 178    -1.00E-02    9.0562E-06 
 179    -1.00E-02    8.8179E-06 
 180    -1.00E-02    8.5815E-06 
 181    -1.00E-02    8.3547E-06 
 182    -1.00E-02    8.1382E-06 
 183    -1.00E-02    7.9326E-06 
 184    -1.00E-02    7.7315E-06 
 185    -1.00E-02    7.5350E-06 
 186    -1.00E-02    7.3550E-06 
 187    -1.00E-02    7.1476E-06 
 188    -1.00E-02    6.9785E-06 
 189    -1.00E-02    6.8075E-06 
 190    -1.00E-02    6.6510E-06 
 191    -1.00E-02    6.4750E-06 
 192    -1.00E-02    6.3031E-06 
 193    -1.00E-02    6.1537E-06 
 194    -1.00E-02    6.0143E-06 
 195    -1.00E-02    5.8633E-06 
 196    -1.00E-02    5.7193E-06 
 197    -1.00E-02    5.5745E-06 
 198    -1.00E-02    5.4513E-06 
 199    -1.00E-02    5.3145E-06 
 200    -1.00E-02    5.1892E-06 
