    Mh1      lim inf      Omega     lim sup  
0.000E+00  1.060E-01  1.120E-01  1.180E-01
1.000E+00  1.060E-01  1.120E-01  1.180E-01
2.000E+00  1.060E-01  1.120E-01  1.180E-01
3.000E+00  1.060E-01  1.120E-01  1.180E-01
4.000E+00  1.060E-01  1.120E-01  1.180E-01
5.000E+00  1.060E-01  1.120E-01  1.180E-01
6.000E+00  1.060E-01  1.120E-01  1.180E-01
7.000E+00  1.060E-01  1.120E-01  1.180E-01
8.000E+00  1.060E-01  1.120E-01  1.180E-01
9.000E+00  1.060E-01  1.120E-01  1.180E-01
1.000E+01  1.060E-01  1.120E-01  1.180E-01
1.100E+01  1.060E-01  1.120E-01  1.180E-01
1.200E+01  1.060E-01  1.120E-01  1.180E-01
1.300E+01  1.060E-01  1.120E-01  1.180E-01
1.400E+01  1.060E-01  1.120E-01  1.180E-01
1.500E+01  1.060E-01  1.120E-01  1.180E-01
1.600E+01  1.060E-01  1.120E-01  1.180E-01
1.700E+01  1.060E-01  1.120E-01  1.180E-01
1.800E+01  1.060E-01  1.120E-01  1.180E-01
1.900E+01  1.060E-01  1.120E-01  1.180E-01
2.000E+01  1.060E-01  1.120E-01  1.180E-01
2.100E+01  1.060E-01  1.120E-01  1.180E-01
2.200E+01  1.060E-01  1.120E-01  1.180E-01
2.300E+01  1.060E-01  1.120E-01  1.180E-01
2.400E+01  1.060E-01  1.120E-01  1.180E-01
2.500E+01  1.060E-01  1.120E-01  1.180E-01
2.600E+01  1.060E-01  1.120E-01  1.180E-01
2.700E+01  1.060E-01  1.120E-01  1.180E-01
2.800E+01  1.060E-01  1.120E-01  1.180E-01
2.900E+01  1.060E-01  1.120E-01  1.180E-01
3.000E+01  1.060E-01  1.120E-01  1.180E-01
3.100E+01  1.060E-01  1.120E-01  1.180E-01
3.200E+01  1.060E-01  1.120E-01  1.180E-01
3.300E+01  1.060E-01  1.120E-01  1.180E-01
3.400E+01  1.060E-01  1.120E-01  1.180E-01
3.500E+01  1.060E-01  1.120E-01  1.180E-01
3.600E+01  1.060E-01  1.120E-01  1.180E-01
3.700E+01  1.060E-01  1.120E-01  1.180E-01
3.800E+01  1.060E-01  1.120E-01  1.180E-01
3.900E+01  1.060E-01  1.120E-01  1.180E-01
4.000E+01  1.060E-01  1.120E-01  1.180E-01
4.100E+01  1.060E-01  1.120E-01  1.180E-01
4.200E+01  1.060E-01  1.120E-01  1.180E-01
4.300E+01  1.060E-01  1.120E-01  1.180E-01
4.400E+01  1.060E-01  1.120E-01  1.180E-01
4.500E+01  1.060E-01  1.120E-01  1.180E-01
4.600E+01  1.060E-01  1.120E-01  1.180E-01
4.700E+01  1.060E-01  1.120E-01  1.180E-01
4.800E+01  1.060E-01  1.120E-01  1.180E-01
4.900E+01  1.060E-01  1.120E-01  1.180E-01
5.000E+01  1.060E-01  1.120E-01  1.180E-01
5.100E+01  1.060E-01  1.120E-01  1.180E-01
5.200E+01  1.060E-01  1.120E-01  1.180E-01
5.300E+01  1.060E-01  1.120E-01  1.180E-01
5.400E+01  1.060E-01  1.120E-01  1.180E-01
5.500E+01  1.060E-01  1.120E-01  1.180E-01
5.600E+01  1.060E-01  1.120E-01  1.180E-01
5.700E+01  1.060E-01  1.120E-01  1.180E-01
5.800E+01  1.060E-01  1.120E-01  1.180E-01
5.900E+01  1.060E-01  1.120E-01  1.180E-01
6.000E+01  1.060E-01  1.120E-01  1.180E-01
6.100E+01  1.060E-01  1.120E-01  1.180E-01
6.200E+01  1.060E-01  1.120E-01  1.180E-01
6.300E+01  1.060E-01  1.120E-01  1.180E-01
6.400E+01  1.060E-01  1.120E-01  1.180E-01
6.500E+01  1.060E-01  1.120E-01  1.180E-01
6.600E+01  1.060E-01  1.120E-01  1.180E-01
6.700E+01  1.060E-01  1.120E-01  1.180E-01
6.800E+01  1.060E-01  1.120E-01  1.180E-01
6.900E+01  1.060E-01  1.120E-01  1.180E-01
7.000E+01  1.060E-01  1.120E-01  1.180E-01
7.100E+01  1.060E-01  1.120E-01  1.180E-01
7.200E+01  1.060E-01  1.120E-01  1.180E-01
7.300E+01  1.060E-01  1.120E-01  1.180E-01
7.400E+01  1.060E-01  1.120E-01  1.180E-01
7.500E+01  1.060E-01  1.120E-01  1.180E-01
7.600E+01  1.060E-01  1.120E-01  1.180E-01
7.700E+01  1.060E-01  1.120E-01  1.180E-01
7.800E+01  1.060E-01  1.120E-01  1.180E-01
7.900E+01  1.060E-01  1.120E-01  1.180E-01
8.000E+01  1.060E-01  1.120E-01  1.180E-01
8.100E+01  1.060E-01  1.120E-01  1.180E-01
8.200E+01  1.060E-01  1.120E-01  1.180E-01
8.300E+01  1.060E-01  1.120E-01  1.180E-01
8.400E+01  1.060E-01  1.120E-01  1.180E-01
8.500E+01  1.060E-01  1.120E-01  1.180E-01
8.600E+01  1.060E-01  1.120E-01  1.180E-01
8.700E+01  1.060E-01  1.120E-01  1.180E-01
8.800E+01  1.060E-01  1.120E-01  1.180E-01
8.900E+01  1.060E-01  1.120E-01  1.180E-01
9.000E+01  1.060E-01  1.120E-01  1.180E-01
9.100E+01  1.060E-01  1.120E-01  1.180E-01
9.200E+01  1.060E-01  1.120E-01  1.180E-01
9.300E+01  1.060E-01  1.120E-01  1.180E-01
9.400E+01  1.060E-01  1.120E-01  1.180E-01
9.500E+01  1.060E-01  1.120E-01  1.180E-01
9.600E+01  1.060E-01  1.120E-01  1.180E-01
9.700E+01  1.060E-01  1.120E-01  1.180E-01
9.800E+01  1.060E-01  1.120E-01  1.180E-01
9.900E+01  1.060E-01  1.120E-01  1.180E-01
1.000E+02  1.060E-01  1.120E-01  1.180E-01
1.010E+02  1.060E-01  1.120E-01  1.180E-01
1.020E+02  1.060E-01  1.120E-01  1.180E-01
1.030E+02  1.060E-01  1.120E-01  1.180E-01
1.040E+02  1.060E-01  1.120E-01  1.180E-01
1.050E+02  1.060E-01  1.120E-01  1.180E-01
1.060E+02  1.060E-01  1.120E-01  1.180E-01
1.070E+02  1.060E-01  1.120E-01  1.180E-01
1.080E+02  1.060E-01  1.120E-01  1.180E-01
1.090E+02  1.060E-01  1.120E-01  1.180E-01
1.100E+02  1.060E-01  1.120E-01  1.180E-01
1.110E+02  1.060E-01  1.120E-01  1.180E-01
1.120E+02  1.060E-01  1.120E-01  1.180E-01
1.130E+02  1.060E-01  1.120E-01  1.180E-01
1.140E+02  1.060E-01  1.120E-01  1.180E-01
1.150E+02  1.060E-01  1.120E-01  1.180E-01
1.160E+02  1.060E-01  1.120E-01  1.180E-01
1.170E+02  1.060E-01  1.120E-01  1.180E-01
1.180E+02  1.060E-01  1.120E-01  1.180E-01
1.190E+02  1.060E-01  1.120E-01  1.180E-01
1.200E+02  1.060E-01  1.120E-01  1.180E-01
1.210E+02  1.060E-01  1.120E-01  1.180E-01
1.220E+02  1.060E-01  1.120E-01  1.180E-01
1.230E+02  1.060E-01  1.120E-01  1.180E-01
1.240E+02  1.060E-01  1.120E-01  1.180E-01
1.250E+02  1.060E-01  1.120E-01  1.180E-01
1.260E+02  1.060E-01  1.120E-01  1.180E-01
1.270E+02  1.060E-01  1.120E-01  1.180E-01
1.280E+02  1.060E-01  1.120E-01  1.180E-01
1.290E+02  1.060E-01  1.120E-01  1.180E-01
1.300E+02  1.060E-01  1.120E-01  1.180E-01
1.310E+02  1.060E-01  1.120E-01  1.180E-01
1.320E+02  1.060E-01  1.120E-01  1.180E-01
1.330E+02  1.060E-01  1.120E-01  1.180E-01
1.340E+02  1.060E-01  1.120E-01  1.180E-01
1.350E+02  1.060E-01  1.120E-01  1.180E-01
1.360E+02  1.060E-01  1.120E-01  1.180E-01
1.370E+02  1.060E-01  1.120E-01  1.180E-01
1.380E+02  1.060E-01  1.120E-01  1.180E-01
1.390E+02  1.060E-01  1.120E-01  1.180E-01
1.400E+02  1.060E-01  1.120E-01  1.180E-01
1.410E+02  1.060E-01  1.120E-01  1.180E-01
1.420E+02  1.060E-01  1.120E-01  1.180E-01
1.430E+02  1.060E-01  1.120E-01  1.180E-01
1.440E+02  1.060E-01  1.120E-01  1.180E-01
1.450E+02  1.060E-01  1.120E-01  1.180E-01
1.460E+02  1.060E-01  1.120E-01  1.180E-01
1.470E+02  1.060E-01  1.120E-01  1.180E-01
1.480E+02  1.060E-01  1.120E-01  1.180E-01
1.490E+02  1.060E-01  1.120E-01  1.180E-01
1.500E+02  1.060E-01  1.120E-01  1.180E-01
1.510E+02  1.060E-01  1.120E-01  1.180E-01
1.520E+02  1.060E-01  1.120E-01  1.180E-01
1.530E+02  1.060E-01  1.120E-01  1.180E-01
1.540E+02  1.060E-01  1.120E-01  1.180E-01
1.550E+02  1.060E-01  1.120E-01  1.180E-01
1.560E+02  1.060E-01  1.120E-01  1.180E-01
1.570E+02  1.060E-01  1.120E-01  1.180E-01
1.580E+02  1.060E-01  1.120E-01  1.180E-01
1.590E+02  1.060E-01  1.120E-01  1.180E-01
1.600E+02  1.060E-01  1.120E-01  1.180E-01
1.610E+02  1.060E-01  1.120E-01  1.180E-01
1.620E+02  1.060E-01  1.120E-01  1.180E-01
1.630E+02  1.060E-01  1.120E-01  1.180E-01
1.640E+02  1.060E-01  1.120E-01  1.180E-01
1.650E+02  1.060E-01  1.120E-01  1.180E-01
1.660E+02  1.060E-01  1.120E-01  1.180E-01
1.670E+02  1.060E-01  1.120E-01  1.180E-01
1.680E+02  1.060E-01  1.120E-01  1.180E-01
1.690E+02  1.060E-01  1.120E-01  1.180E-01
1.700E+02  1.060E-01  1.120E-01  1.180E-01
1.710E+02  1.060E-01  1.120E-01  1.180E-01
1.720E+02  1.060E-01  1.120E-01  1.180E-01
1.730E+02  1.060E-01  1.120E-01  1.180E-01
1.740E+02  1.060E-01  1.120E-01  1.180E-01
1.750E+02  1.060E-01  1.120E-01  1.180E-01
1.760E+02  1.060E-01  1.120E-01  1.180E-01
1.770E+02  1.060E-01  1.120E-01  1.180E-01
1.780E+02  1.060E-01  1.120E-01  1.180E-01
1.790E+02  1.060E-01  1.120E-01  1.180E-01
1.800E+02  1.060E-01  1.120E-01  1.180E-01
1.810E+02  1.060E-01  1.120E-01  1.180E-01
1.820E+02  1.060E-01  1.120E-01  1.180E-01
1.830E+02  1.060E-01  1.120E-01  1.180E-01
1.840E+02  1.060E-01  1.120E-01  1.180E-01
1.850E+02  1.060E-01  1.120E-01  1.180E-01
1.860E+02  1.060E-01  1.120E-01  1.180E-01
1.870E+02  1.060E-01  1.120E-01  1.180E-01
1.880E+02  1.060E-01  1.120E-01  1.180E-01
1.890E+02  1.060E-01  1.120E-01  1.180E-01
1.900E+02  1.060E-01  1.120E-01  1.180E-01
1.910E+02  1.060E-01  1.120E-01  1.180E-01
1.920E+02  1.060E-01  1.120E-01  1.180E-01
1.930E+02  1.060E-01  1.120E-01  1.180E-01
1.940E+02  1.060E-01  1.120E-01  1.180E-01
1.950E+02  1.060E-01  1.120E-01  1.180E-01
1.960E+02  1.060E-01  1.120E-01  1.180E-01
1.970E+02  1.060E-01  1.120E-01  1.180E-01
1.980E+02  1.060E-01  1.120E-01  1.180E-01
1.990E+02  1.060E-01  1.120E-01  1.180E-01
2.000E+02  1.060E-01  1.120E-01  1.180E-01
