 Mh1    ld345       cs_(fb)   
 10.0    0.013408    5.2044E+02 
 11.0    0.013427    5.2045E+02 
 12.0    0.013447    5.2028E+02 
 13.0    0.013470    5.2172E+02 
 14.0    0.013494    5.2173E+02 
 15.0    0.013521    5.2110E+02 
 16.0    0.013549    5.2150E+02 
 17.0    0.013580    5.2116E+02 
 18.0    0.013613    5.2080E+02 
 19.0    0.013649    5.2028E+02 
 20.0    0.013686    5.2065E+02 
 21.0    0.013727    5.2112E+02 
 22.0    0.013770    5.2057E+02 
 23.0    0.013815    5.2177E+02 
 24.0    0.013864    5.2019E+02 
 25.0    0.013915    5.2101E+02 
 26.0    0.013970    5.2141E+02 
 27.0    0.014028    5.2023E+02 
 28.0    0.014089    5.2178E+02 
 29.0    0.014154    5.2077E+02 
 30.0    0.014223    5.2091E+02 
 31.0    0.014296    5.1982E+02 
 32.0    0.014374    5.2098E+02 
 33.0    0.014456    5.2076E+02 
 34.0    0.014543    5.2059E+02 
 35.0    0.014636    5.2269E+02 
 36.0    0.014734    5.1967E+02 
 37.0    0.014839    5.1949E+02 
 38.0    0.014951    5.2061E+02 
 39.0    0.015070    5.2101E+02 
 40.0    0.015198    5.1938E+02 
 41.0    0.015334    5.2076E+02 
 42.0    0.015480    5.2067E+02 
 43.0    0.015638    5.2055E+02 
 44.0    0.015808    5.2012E+02 
 45.0    0.015992    5.2088E+02 
 46.0    0.016191    5.1935E+02 
 47.0    0.016408    5.2044E+02 
 48.0    0.016646    5.2034E+02 
 49.0    0.016908    5.2031E+02 
 50.0    0.017198    5.2061E+02 
 51.0    0.017522    5.2170E+02 
 52.0    0.017886    5.2123E+02 
 53.0    0.018299    5.1991E+02 
 54.0    0.018774    5.2001E+02 
 55.0    0.019330    5.2085E+02 
 56.0    0.019991    5.2074E+02 
 57.0    0.020800    5.2041E+02 
 58.0    0.021825    5.2066E+02 
 59.0    0.023192    5.2069E+02 
 60.0    0.025176    5.2056E+02 
 61.0    0.028547    5.1952E+02 
 62.0    0.037494    5.2060E+02 
 63.0    1.585000    9.3461E+02 
 64.0    1.601000    4.6397E+02 
 65.0    1.615000    3.2562E+02 
 66.0    1.604000    2.4509E+02 
 67.0    1.625000    2.0337E+02 
 68.0    1.602000    1.6584E+02 
 69.0    1.628000    1.4695E+02 
 70.0    1.627000    1.2778E+02 
 71.0    1.632000    1.1352E+02 
 72.0    1.643000    1.0281E+02 
 73.0    1.631000    9.0837E+01 
 74.0    1.654000    8.4719E+01 
 75.0    1.648000    7.6685E+01 
 76.0    1.649000    7.0252E+01 
 77.0    1.660000    6.5418E+01 
 78.0    1.670000    6.1219E+01 
 79.0    1.659000    5.5881E+01 
 80.0    1.657000    5.1825E+01 
 81.0    1.690000    5.0124E+01 
 82.0    1.689000    4.6722E+01 
 83.0    1.701000    4.4275E+01 
 84.0    1.689000    4.1046E+01 
 85.0    1.707000    3.9407E+01 
 86.0    1.710000    3.7344E+01 
 87.0    1.710000    3.5168E+01 
 88.0    1.728000    3.3961E+01 
 89.0    1.710000    3.1307E+01 
 90.0    1.729000    3.0322E+01 
 91.0    1.738000    2.9120E+01 
 92.0    1.742000    2.7706E+01 
 93.0    1.755000    2.6727E+01 
 94.0    1.743000    2.5161E+01 
 95.0    1.773000    2.4726E+01 
 96.0    1.763000    2.3348E+01 
 97.0    1.787000    2.2821E+01 
 98.0    1.769000    2.1401E+01 
 99.0    1.787000    2.0827E+01 
 100.0    1.792000    2.0056E+01 
 101.0    1.799000    1.9341E+01 
 102.0    1.808000    1.8703E+01 
 103.0    1.823000    1.8243E+01 
 104.0    1.830000    1.7634E+01 
 105.0    1.823000    1.6784E+01 
 106.0    1.844000    1.6481E+01 
 107.0    1.828000    1.5570E+01 
 108.0    1.838000    1.5145E+01 
 109.0    1.867000    1.5030E+01 
 110.0    1.860000    1.4331E+01 
 111.0    1.886000    1.4164E+01 
 112.0    1.883000    1.3621E+01 
 113.0    1.877000    1.3026E+01 
 114.0    1.890000    1.2764E+01 
 115.0    1.909000    1.2548E+01 
 116.0    1.913000    1.2136E+01 
 117.0    1.915000    1.1750E+01 
 118.0    1.926000    1.1470E+01 
 119.0    1.930000    1.1116E+01 
 120.0    1.939000    1.0856E+01 
 121.0    1.946000    1.0532E+01 
 122.0    1.948000    1.0245E+01 
 123.0    1.971000    1.0140E+01 
 124.0    1.956000    9.6626E+00 
 125.0    1.988000    9.6380E+00 
 126.0    1.990000    9.3763E+00 
 127.0    2.004000    9.2245E+00 
 128.0    2.009000    8.9487E+00 
 129.0    2.020000    8.7527E+00 
 130.0    2.035000    8.6345E+00 
 131.0    2.023000    8.2653E+00 
 132.0    2.047000    8.2260E+00 
 133.0    2.033000    7.8700E+00 
 134.0    2.054000    7.7910E+00 
 135.0    2.071000    7.6925E+00 
 136.0    2.063000    7.3884E+00 
 137.0    2.070000    7.2498E+00 
 138.0    2.105000    7.2798E+00 
 139.0    2.100000    7.0337E+00 
 140.0    2.126000    7.0064E+00 
 141.0    2.123000    6.7870E+00 
 142.0    2.133000    6.6707E+00 
 143.0    2.151000    6.5891E+00 
 144.0    2.150000    6.4109E+00 
 145.0    2.150000    6.2260E+00 
 146.0    2.186000    6.2636E+00 
 147.0    2.175000    6.0398E+00 
 148.0    2.190000    5.9649E+00 
 149.0    2.175000    5.7261E+00 
 150.0    2.217000    5.7730E+00 
 151.0    2.229000    5.7036E+00 
 152.0    2.231000    5.5692E+00 
 153.0    2.242000    5.4641E+00 
 154.0    2.232000    5.2833E+00 
 155.0    2.254000    5.2496E+00 
 156.0    2.263000    5.1712E+00 
 157.0    2.293000    5.1669E+00 
 158.0    2.282000    4.9913E+00 
 159.0    2.316000    5.0179E+00 
 160.0    2.309000    4.8595E+00 
 161.0    2.332000    4.8459E+00 
 162.0    2.331000    4.7130E+00 
 163.0    2.347000    4.6639E+00 
 164.0    2.353000    4.5883E+00 
 165.0    2.340000    4.4337E+00 
 166.0    2.381000    4.4723E+00 
 167.0    2.394000    4.4169E+00 
 168.0    2.416000    4.3999E+00 
 169.0    2.398000    4.2257E+00 
 170.0    2.422000    4.2130E+00 
 171.0    2.442000    4.1858E+00 
 172.0    2.449000    4.1142E+00 
 173.0    2.440000    3.9899E+00 
 174.0    2.469000    3.9852E+00 
 175.0    2.463000    3.8801E+00 
 176.0    2.495000    3.8880E+00 
 177.0    2.503000    3.8375E+00 
 178.0    2.509000    3.7636E+00 
 179.0    2.516000    3.7010E+00 
 180.0    2.540000    3.6901E+00 
 181.0    2.539000    3.6076E+00 
 182.0    2.570000    3.6156E+00 
 183.0    2.549000    3.4850E+00 
 184.0    2.587000    3.5105E+00 
 185.0    2.581000    3.4167E+00 
 186.0    2.599000    3.3944E+00 
 187.0    2.619000    3.3691E+00 
 188.0    2.635000    3.3374E+00 
 189.0    2.637000    3.2723E+00 
 190.0    2.651000    3.2478E+00 
 191.0    2.641000    3.1487E+00 
 192.0    2.665000    3.1397E+00 
 193.0    2.699000    3.1592E+00 
 194.0    2.702000    3.0968E+00 
 195.0    2.729000    3.1008E+00 
 196.0    2.733000    3.0446E+00 
 197.0    2.732000    2.9802E+00 
 198.0    2.752000    2.9650E+00 
 199.0    2.751000    2.9079E+00 
 200.0    2.756000    2.8596E+00 
