 Mh1    Mh2      cs_(fb)   
 10.0    11.0    8.2013E+03 
 11.0    12.0    7.9261E+03 
 12.0    13.0    7.8478E+03 
 13.0    14.0    7.9546E+03 
 14.0    15.0    7.4704E+03 
 15.0    16.0    7.5207E+03 
 16.0    17.0    7.1125E+03 
 17.0    18.0    7.0192E+03 
 18.0    19.0    6.7510E+03 
 19.0    20.0    6.5833E+03 
 20.0    21.0    6.3674E+03 
 21.0    22.0    6.0590E+03 
 22.0    23.0    5.8286E+03 
 23.0    24.0    5.5843E+03 
 24.0    25.0    5.3213E+03 
 25.0    26.0    5.0493E+03 
 26.0    27.0    4.7690E+03 
 27.0    28.0    4.5121E+03 
 28.0    29.0    4.2324E+03 
 29.0    30.0    3.9528E+03 
 30.0    31.0    3.6456E+03 
 31.0    32.0    3.3888E+03 
 32.0    33.0    3.1137E+03 
 33.0    34.0    2.8092E+03 
 34.0    35.0    2.5265E+03 
 35.0    36.0    2.2578E+03 
 36.0    37.0    1.9885E+03 
 37.0    38.0    1.7184E+03 
 38.0    39.0    1.4602E+03 
 39.0    40.0    1.2061E+03 
 40.0    41.0    9.7530E+02 
 41.0    42.0    7.5550E+02 
 42.0    43.0    5.5688E+02 
 43.0    44.0    3.8539E+02 
 44.0    45.0    2.4907E+02 
 45.0    46.0    1.6113E+02 
 46.0    47.0    1.2218E+02 
 47.0    48.0    1.0248E+02 
 48.0    49.0    8.9257E+01 
 49.0    50.0    7.9759E+01 
 50.0    51.0    7.2267E+01 
 51.0    52.0    6.6009E+01 
 52.0    53.0    6.0646E+01 
 53.0    54.0    5.6250E+01 
 54.0    55.0    5.2226E+01 
 55.0    56.0    4.8703E+01 
 56.0    57.0    4.5534E+01 
 57.0    58.0    4.2731E+01 
 58.0    59.0    4.0228E+01 
 59.0    60.0    3.7899E+01 
 60.0    61.0    3.5822E+01 
 61.0    62.0    3.3913E+01 
 62.0    63.0    3.2131E+01 
 63.0    64.0    3.0507E+01 
 64.0    65.0    2.9026E+01 
 65.0    66.0    2.7603E+01 
 66.0    67.0    2.6332E+01 
 67.0    68.0    2.5099E+01 
 68.0    69.0    2.3972E+01 
 69.0    70.0    2.2905E+01 
 70.0    71.0    2.1922E+01 
 71.0    72.0    2.0976E+01 
 72.0    73.0    2.0069E+01 
 73.0    74.0    1.9255E+01 
 74.0    75.0    1.8475E+01 
 75.0    76.0    1.7732E+01 
 76.0    77.0    1.7022E+01 
 77.0    78.0    1.6355E+01 
 78.0    79.0    1.5739E+01 
 79.0    80.0    1.5137E+01 
 80.0    81.0    1.4576E+01 
 81.0    82.0    1.4028E+01 
 82.0    83.0    1.3525E+01 
 83.0    84.0    1.3047E+01 
 84.0    85.0    1.2592E+01 
 85.0    86.0    1.2146E+01 
 86.0    87.0    1.1725E+01 
 87.0    88.0    1.1325E+01 
 88.0    89.0    1.0939E+01 
 89.0    90.0    1.0577E+01 
 90.0    91.0    1.0223E+01 
 91.0    92.0    9.8941E+00 
 92.0    93.0    9.5648E+00 
 93.0    94.0    9.2606E+00 
 94.0    95.0    8.9738E+00 
 95.0    96.0    8.6740E+00 
 96.0    97.0    8.4089E+00 
 97.0    98.0    8.1478E+00 
 98.0    99.0    7.9041E+00 
 99.0    100.0    7.6654E+00 
 100.0    101.0    7.4346E+00 
 101.0    102.0    7.2102E+00 
 102.0    103.0    6.9927E+00 
 103.0    104.0    6.7964E+00 
 104.0    105.0    6.5839E+00 
 105.0    106.0    6.4027E+00 
 106.0    107.0    6.2140E+00 
 107.0    108.0    6.0417E+00 
 108.0    109.0    5.8671E+00 
 109.0    110.0    5.7059E+00 
 110.0    111.0    5.5490E+00 
 111.0    112.0    5.3907E+00 
 112.0    113.0    5.2495E+00 
 113.0    114.0    5.1055E+00 
 114.0    115.0    4.9695E+00 
 115.0    116.0    4.8363E+00 
 116.0    117.0    4.7023E+00 
 117.0    118.0    4.5819E+00 
 118.0    119.0    4.4617E+00 
 119.0    120.0    4.3450E+00 
 120.0    121.0    4.2311E+00 
 121.0    122.0    4.1226E+00 
 122.0    123.0    4.0201E+00 
 123.0    124.0    3.9153E+00 
 124.0    125.0    3.8188E+00 
 125.0    126.0    3.7253E+00 
 126.0    127.0    3.6308E+00 
 127.0    128.0    3.5415E+00 
 128.0    129.0    3.4570E+00 
 129.0    130.0    3.3712E+00 
 130.0    131.0    3.2869E+00 
 131.0    132.0    3.2110E+00 
 132.0    133.0    3.1332E+00 
 133.0    134.0    3.0557E+00 
 134.0    135.0    2.9844E+00 
 135.0    136.0    2.9135E+00 
 136.0    137.0    2.8470E+00 
 137.0    138.0    2.7796E+00 
 138.0    139.0    2.7175E+00 
 139.0    140.0    2.6534E+00 
 140.0    141.0    2.5914E+00 
 141.0    142.0    2.5315E+00 
 142.0    143.0    2.4735E+00 
 143.0    144.0    2.4179E+00 
 144.0    145.0    2.3650E+00 
 145.0    146.0    2.3113E+00 
 146.0    147.0    2.2591E+00 
 147.0    148.0    2.2085E+00 
 148.0    149.0    2.1603E+00 
 149.0    150.0    2.1149E+00 
 150.0    151.0    2.0695E+00 
 151.0    152.0    2.0242E+00 
 152.0    153.0    1.9790E+00 
 153.0    154.0    1.9373E+00 
 154.0    155.0    1.8957E+00 
 155.0    156.0    1.8544E+00 
 156.0    157.0    1.8140E+00 
 157.0    158.0    1.7780E+00 
 158.0    159.0    1.7400E+00 
 159.0    160.0    1.7044E+00 
 160.0    161.0    1.6695E+00 
 161.0    162.0    1.6348E+00 
 162.0    163.0    1.6007E+00 
 163.0    164.0    1.5685E+00 
 164.0    165.0    1.5357E+00 
 165.0    166.0    1.5044E+00 
 166.0    167.0    1.4750E+00 
 167.0    168.0    1.4440E+00 
 168.0    169.0    1.4148E+00 
 169.0    170.0    1.3875E+00 
 170.0    171.0    1.3597E+00 
 171.0    172.0    1.3323E+00 
 172.0    173.0    1.3049E+00 
 173.0    174.0    1.2805E+00 
 174.0    175.0    1.2544E+00 
 175.0    176.0    1.2318E+00 
 176.0    177.0    1.2066E+00 
 177.0    178.0    1.1830E+00 
 178.0    179.0    1.1615E+00 
 179.0    180.0    1.1385E+00 
 180.0    181.0    1.1164E+00 
 181.0    182.0    1.0950E+00 
 182.0    183.0    1.0742E+00 
 183.0    184.0    1.0550E+00 
 184.0    185.0    1.0341E+00 
 185.0    186.0    1.0155E+00 
 186.0    187.0    9.9517E-01 
 187.0    188.0    9.7598E-01 
 188.0    189.0    9.5901E-01 
 189.0    190.0    9.4248E-01 
 190.0    191.0    9.2350E-01 
 191.0    192.0    9.0682E-01 
 192.0    193.0    8.9042E-01 
 193.0    194.0    8.7398E-01 
 194.0    195.0    8.5816E-01 
 195.0    196.0    8.4254E-01 
 196.0    197.0    8.2792E-01 
 197.0    198.0    8.1287E-01 
 198.0    199.0    7.9829E-01 
 199.0    200.0    7.8429E-01 
 200.0    201.0    7.6897E-01 
