 Mh1    ld345       cs_(fb)   
 10.0    0.013408    1.7036E+02 
 11.0    0.013427    1.7012E+02 
 12.0    0.013447    1.7013E+02 
 13.0    0.013470    1.7018E+02 
 14.0    0.013494    1.7019E+02 
 15.0    0.013521    1.7046E+02 
 16.0    0.013549    1.7052E+02 
 17.0    0.013580    1.7046E+02 
 18.0    0.013613    1.7029E+02 
 19.0    0.013649    1.7009E+02 
 20.0    0.013686    1.7023E+02 
 21.0    0.013727    1.7031E+02 
 22.0    0.013770    1.6994E+02 
 23.0    0.013815    1.7003E+02 
 24.0    0.013864    1.7028E+02 
 25.0    0.013915    1.7024E+02 
 26.0    0.013970    1.7077E+02 
 27.0    0.014028    1.7031E+02 
 28.0    0.014089    1.7035E+02 
 29.0    0.014154    1.7046E+02 
 30.0    0.014223    1.7033E+02 
 31.0    0.014296    1.7046E+02 
 32.0    0.014374    1.7050E+02 
 33.0    0.014456    1.7036E+02 
 34.0    0.014543    1.7030E+02 
 35.0    0.014636    1.7018E+02 
 36.0    0.014734    1.7006E+02 
 37.0    0.014839    1.7017E+02 
 38.0    0.014951    1.7024E+02 
 39.0    0.015070    1.7026E+02 
 40.0    0.015198    1.7037E+02 
 41.0    0.015334    1.7041E+02 
 42.0    0.015480    1.7009E+02 
 43.0    0.015638    1.7052E+02 
 44.0    0.015808    1.7056E+02 
 45.0    0.015992    1.7046E+02 
 46.0    0.016191    1.7043E+02 
 47.0    0.016408    1.7011E+02 
 48.0    0.016646    1.7048E+02 
 49.0    0.016908    1.7037E+02 
 50.0    0.017198    1.7035E+02 
 51.0    0.017522    1.7042E+02 
 52.0    0.017886    1.7044E+02 
 53.0    0.018299    1.7017E+02 
 54.0    0.018774    1.7043E+02 
 55.0    0.019330    1.7109E+02 
 56.0    0.019991    1.7048E+02 
 57.0    0.020800    1.7035E+02 
 58.0    0.021825    1.7038E+02 
 59.0    0.023192    1.7038E+02 
 60.0    0.025176    1.7047E+02 
 61.0    0.028547    1.7056E+02 
 62.0    0.037494    1.7032E+02 
 63.0    1.585000    3.0399E+02 
 64.0    1.601000    1.4953E+02 
 65.0    1.615000    1.0396E+02 
 66.0    1.604000    7.8246E+01 
 67.0    1.625000    6.4718E+01 
 68.0    1.602000    5.2499E+01 
 69.0    1.628000    4.6196E+01 
 70.0    1.627000    4.0080E+01 
 71.0    1.632000    3.5448E+01 
 72.0    1.643000    3.1979E+01 
 73.0    1.631000    2.8229E+01 
 74.0    1.654000    2.6214E+01 
 75.0    1.648000    2.3620E+01 
 76.0    1.649000    2.1593E+01 
 77.0    1.660000    2.0042E+01 
 78.0    1.670000    1.8658E+01 
 79.0    1.659000    1.7015E+01 
 80.0    1.657000    1.5778E+01 
 81.0    1.690000    1.5207E+01 
 82.0    1.689000    1.4171E+01 
 83.0    1.701000    1.3410E+01 
 84.0    1.689000    1.2353E+01 
 85.0    1.707000    1.1816E+01 
 86.0    1.710000    1.1142E+01 
 87.0    1.710000    1.0478E+01 
 88.0    1.728000    1.0087E+01 
 89.0    1.710000    9.3328E+00 
 90.0    1.729000    8.9955E+00 
 91.0    1.738000    8.6153E+00 
 92.0    1.742000    8.1733E+00 
 93.0    1.755000    7.8686E+00 
 94.0    1.743000    7.3846E+00 
 95.0    1.773000    7.2367E+00 
 96.0    1.763000    6.8021E+00 
 97.0    1.787000    6.6526E+00 
 98.0    1.769000    6.2190E+00 
 99.0    1.787000    6.0389E+00 
 100.0    1.792000    5.7857E+00 
 101.0    1.799000    5.5721E+00 
 102.0    1.808000    5.3865E+00 
 103.0    1.823000    5.2309E+00 
 104.0    1.830000    5.0457E+00 
 105.0    1.823000    4.8006E+00 
 106.0    1.844000    4.6963E+00 
 107.0    1.828000    4.4161E+00 
 108.0    1.838000    4.2824E+00 
 109.0    1.867000    4.2532E+00 
 110.0    1.860000    4.0526E+00 
 111.0    1.886000    3.9939E+00 
 112.0    1.883000    3.8270E+00 
 113.0    1.877000    3.6582E+00 
 114.0    1.890000    3.5756E+00 
 115.0    1.909000    3.5002E+00 
 116.0    1.913000    3.3887E+00 
 117.0    1.915000    3.2664E+00 
 118.0    1.926000    3.1865E+00 
 119.0    1.930000    3.0753E+00 
 120.0    1.939000    2.9986E+00 
 121.0    1.946000    2.9125E+00 
 122.0    1.948000    2.8147E+00 
 123.0    1.971000    2.7779E+00 
 124.0    1.956000    2.6465E+00 
 125.0    1.988000    2.6365E+00 
 126.0    1.990000    2.5544E+00 
 127.0    2.004000    2.5053E+00 
 128.0    2.009000    2.4336E+00 
 129.0    2.020000    2.3789E+00 
 130.0    2.035000    2.3366E+00 
 131.0    2.023000    2.2326E+00 
 132.0    2.047000    2.2102E+00 
 133.0    2.033000    2.1091E+00 
 134.0    2.054000    2.0926E+00 
 135.0    2.071000    2.0584E+00 
 136.0    2.063000    1.9777E+00 
 137.0    2.070000    1.9308E+00 
 138.0    2.105000    1.9358E+00 
 139.0    2.100000    1.8644E+00 
 140.0    2.126000    1.8570E+00 
 141.0    2.123000    1.7962E+00 
 142.0    2.133000    1.7591E+00 
 143.0    2.151000    1.7344E+00 
 144.0    2.150000    1.6797E+00 
 145.0    2.150000    1.6322E+00 
 146.0    2.186000    1.6395E+00 
 147.0    2.175000    1.5811E+00 
 148.0    2.190000    1.5512E+00 
 149.0    2.175000    1.4877E+00 
 150.0    2.217000    1.5012E+00 
 151.0    2.229000    1.4780E+00 
 152.0    2.231000    1.4392E+00 
 153.0    2.242000    1.4156E+00 
 154.0    2.232000    1.3595E+00 
 155.0    2.254000    1.3514E+00 
 156.0    2.263000    1.3229E+00 
 157.0    2.293000    1.3252E+00 
 158.0    2.282000    1.2754E+00 
 159.0    2.316000    1.2801E+00 
 160.0    2.309000    1.2355E+00 
 161.0    2.332000    1.2264E+00 
 162.0    2.331000    1.1967E+00 
 163.0    2.347000    1.1810E+00 
 164.0    2.353000    1.1558E+00 
 165.0    2.340000    1.1130E+00 
 166.0    2.381000    1.1232E+00 
 167.0    2.394000    1.1066E+00 
 168.0    2.416000    1.0979E+00 
 169.0    2.398000    1.0560E+00 
 170.0    2.422000    1.0511E+00 
 171.0    2.442000    1.0420E+00 
 172.0    2.449000    1.0214E+00 
 173.0    2.440000    9.8916E-01 
 174.0    2.469000    9.8686E-01 
 175.0    2.463000    9.5867E-01 
 176.0    2.495000    9.6014E-01 
 177.0    2.503000    9.4228E-01 
 178.0    2.509000    9.2512E-01 
 179.0    2.516000    9.0898E-01 
 180.0    2.540000    9.0130E-01 
 181.0    2.539000    8.8096E-01 
 182.0    2.570000    8.8200E-01 
 183.0    2.549000    8.4749E-01 
 184.0    2.587000    8.5215E-01 
 185.0    2.581000    8.2709E-01 
 186.0    2.599000    8.1899E-01 
 187.0    2.619000    8.1486E-01 
 188.0    2.635000    8.0439E-01 
 189.0    2.637000    7.8870E-01 
 190.0    2.651000    7.7802E-01 
 191.0    2.641000    7.5454E-01 
 192.0    2.665000    7.5174E-01 
 193.0    2.699000    7.5295E-01 
 194.0    2.702000    7.3751E-01 
 195.0    2.729000    7.3644E-01 
 196.0    2.733000    7.2280E-01 
 197.0    2.732000    7.0687E-01 
 198.0    2.752000    7.0212E-01 
 199.0    2.751000    6.8489E-01 
 200.0    2.756000    6.7320E-01 
