 MDM      Mh1     Mh2      Mhc      ld345        ld         Omega       protonSI     Br(H->h1h1)    Br(H->h2h2)   Br(H->h-h+)     Width_H      HB     HS      R      v_stab     LEP    S        T   
10.00   10.00   201.00   201.00   2.000E-02   1.000E-03   2.769E+01    1.329E-08     3.016E-01      0.000E+00     0.000E+00     6.092E-03      1      1    1.225      3        1    -0.022    0.000 
11.00   11.00   201.00   201.00   2.000E-02   1.000E-03   2.769E+01    1.329E-08     3.016E-01      0.000E+00     0.000E+00     6.092E-03      1      1    1.225      3        1    -0.022    0.000 
12.00   12.00   201.00   201.00   2.000E-02   1.000E-03   2.675E+01    1.118E-08     3.010E-01      0.000E+00     0.000E+00     6.087E-03      1      1    1.225      3        1    -0.022    0.000 
13.00   13.00   201.00   201.00   2.000E-02   1.000E-03   2.602E+01    9.534E-09     3.003E-01      0.000E+00     0.000E+00     6.081E-03      1      1    1.225      3        1    -0.022    0.000 
14.00   14.00   201.00   201.00   2.000E-02   1.000E-03   2.542E+01    8.222E-09     2.995E-01      0.000E+00     0.000E+00     6.074E-03      1      1    1.225      3        1    -0.022    0.000 
15.00   15.00   201.00   201.00   2.000E-02   1.000E-03   2.489E+01    7.161E-09     2.987E-01      0.000E+00     0.000E+00     6.067E-03      1      1    1.225      3        1    -0.022    0.000 
16.00   16.00   201.00   201.00   2.000E-02   1.000E-03   2.440E+01    6.290E-09     2.978E-01      0.000E+00     0.000E+00     6.059E-03      1      1    1.225      3        1    -0.022    0.000 
17.00   17.00   201.00   201.00   2.000E-02   1.000E-03   2.393E+01    5.568E-09     2.969E-01      0.000E+00     0.000E+00     6.051E-03      1      1    1.225      3        1    -0.022    0.000 
18.00   18.00   201.00   201.00   2.000E-02   1.000E-03   2.347E+01    4.962E-09     2.959E-01      0.000E+00     0.000E+00     6.042E-03      1      1    1.225      3        1    -0.022    0.000 
19.00   19.00   201.00   201.00   2.000E-02   1.000E-03   2.302E+01    4.449E-09     2.948E-01      0.000E+00     0.000E+00     6.033E-03      1      1    1.225      3        1    -0.022    0.000 
20.00   20.00   201.00   201.00   2.000E-02   1.000E-03   2.255E+01    4.010E-09     2.936E-01      0.000E+00     0.000E+00     6.023E-03      1      1    1.225      3        1    -0.022    0.000 
21.00   21.00   201.00   201.00   2.000E-02   1.000E-03   2.208E+01    3.633E-09     2.924E-01      0.000E+00     0.000E+00     6.013E-03      1      1    1.225      3        1    -0.022    0.000 
22.00   22.00   201.00   201.00   2.000E-02   1.000E-03   2.159E+01    3.306E-09     2.911E-01      0.000E+00     0.000E+00     6.002E-03      1      1    1.225      3        1    -0.022    0.000 
23.00   23.00   201.00   201.00   2.000E-02   1.000E-03   2.109E+01    3.021E-09     2.898E-01      0.000E+00     0.000E+00     5.990E-03      1      1    1.225      3        1    -0.021    0.000 
24.00   24.00   201.00   201.00   2.000E-02   1.000E-03   2.057E+01    2.771E-09     2.883E-01      0.000E+00     0.000E+00     5.978E-03      1      1    1.225      3        1    -0.021    0.000 
25.00   25.00   201.00   201.00   2.000E-02   1.000E-03   2.003E+01    2.550E-09     2.868E-01      0.000E+00     0.000E+00     5.966E-03      1      1    1.225      3        1    -0.021    0.000 
26.00   26.00   201.00   201.00   2.000E-02   1.000E-03   1.947E+01    2.355E-09     2.852E-01      0.000E+00     0.000E+00     5.952E-03      1      1    1.225      3        1    -0.021    0.000 
27.00   27.00   201.00   201.00   2.000E-02   1.000E-03   1.889E+01    2.180E-09     2.835E-01      0.000E+00     0.000E+00     5.938E-03      1      1    1.225      3        1    -0.021    0.000 
28.00   28.00   201.00   201.00   2.000E-02   1.000E-03   1.831E+01    2.025E-09     2.818E-01      0.000E+00     0.000E+00     5.924E-03      1      1    1.225      3        1    -0.021    0.000 
29.00   29.00   201.00   201.00   2.000E-02   1.000E-03   1.770E+01    1.885E-09     2.799E-01      0.000E+00     0.000E+00     5.908E-03      1      1    1.225      3        1    -0.021    0.000 
30.00   30.00   201.00   201.00   2.000E-02   1.000E-03   1.707E+01    1.759E-09     2.779E-01      0.000E+00     0.000E+00     5.892E-03      1      1    1.225      3        1    -0.021    0.000 
31.00   31.00   201.00   201.00   2.000E-02   1.000E-03   1.643E+01    1.645E-09     2.759E-01      0.000E+00     0.000E+00     5.876E-03      1      1    1.225      3        1    -0.021    0.000 
32.00   32.00   201.00   201.00   2.000E-02   1.000E-03   1.577E+01    1.542E-09     2.737E-01      0.000E+00     0.000E+00     5.858E-03      1      1    1.225      3        1    -0.021    0.000 
33.00   33.00   201.00   201.00   2.000E-02   1.000E-03   1.510E+01    1.448E-09     2.715E-01      0.000E+00     0.000E+00     5.840E-03      1      1    1.225      3        1    -0.021    0.000 
34.00   34.00   201.00   201.00   2.000E-02   1.000E-03   1.442E+01    1.362E-09     2.691E-01      0.000E+00     0.000E+00     5.821E-03      1      1    1.225      3        1    -0.021    0.000 
35.00   35.00   201.00   201.00   2.000E-02   1.000E-03   1.373E+01    1.284E-09     2.666E-01      0.000E+00     0.000E+00     5.801E-03      1      1    1.225      3        1    -0.021    0.000 
36.00   36.00   201.00   201.00   2.000E-02   1.000E-03   1.303E+01    1.212E-09     2.640E-01      0.000E+00     0.000E+00     5.781E-03      1      1    1.225      3        1    -0.021    0.000 
37.00   37.00   201.00   201.00   2.000E-02   1.000E-03   1.232E+01    1.146E-09     2.612E-01      0.000E+00     0.000E+00     5.759E-03      1      1    1.225      3        1    -0.021    0.000 
38.00   38.00   201.00   201.00   2.000E-02   1.000E-03   1.157E+01    1.085E-09     2.584E-01      0.000E+00     0.000E+00     5.737E-03      1      1    1.225      3        1    -0.020    0.000 
39.00   39.00   201.00   201.00   2.000E-02   1.000E-03   1.084E+01    1.029E-09     2.553E-01      0.000E+00     0.000E+00     5.713E-03      1      1    1.225      3        1    -0.020    0.000 
40.00   40.00   201.00   201.00   2.000E-02   1.000E-03   9.944E+00    9.771E-10     2.521E-01      0.000E+00     0.000E+00     5.689E-03      1      1    1.225      3        1    -0.020    0.000 
41.00   41.00   201.00   201.00   2.000E-02   1.000E-03   9.178E+00    9.289E-10     2.488E-01      0.000E+00     0.000E+00     5.664E-03      1      1    1.225      3        1    -0.020    0.000 
42.00   42.00   201.00   201.00   2.000E-02   1.000E-03   8.452E+00    8.842E-10     2.452E-01      0.000E+00     0.000E+00     5.637E-03      1      1    1.225      3        1    -0.020    0.000 
43.00   43.00   201.00   201.00   2.000E-02   1.000E-03   7.715E+00    8.425E-10     2.415E-01      0.000E+00     0.000E+00     5.609E-03      1      1    1.225      3        1    -0.020    0.000 
44.00   44.00   201.00   201.00   2.000E-02   1.000E-03   7.008E+00    8.038E-10     2.376E-01      0.000E+00     0.000E+00     5.580E-03      1      1    1.225      3        1    -0.020    0.000 
45.00   45.00   201.00   201.00   2.000E-02   1.000E-03   6.009E+00    7.676E-10     2.334E-01      0.000E+00     0.000E+00     5.550E-03      1      1    1.225      3        1    -0.020    0.000 
46.00   46.00   201.00   201.00   2.000E-02   1.000E-03   4.527E+00    7.338E-10     2.290E-01      0.000E+00     0.000E+00     5.518E-03      1      1    1.225      3        1    -0.020    0.000 
47.00   47.00   201.00   201.00   2.000E-02   1.000E-03   3.111E+00    7.021E-10     2.243E-01      0.000E+00     0.000E+00     5.485E-03      1      1    1.225      3        1    -0.020    0.000 
48.00   48.00   201.00   201.00   2.000E-02   1.000E-03   2.027E+00    6.725E-10     2.194E-01      0.000E+00     0.000E+00     5.450E-03      1      1    1.225      3        1    -0.020    0.000 
49.00   49.00   201.00   201.00   2.000E-02   1.000E-03   1.222E+00    6.446E-10     2.141E-01      0.000E+00     0.000E+00     5.413E-03      1      1    1.225      3        1    -0.019    0.000 
50.00   50.00   201.00   201.00   2.000E-02   1.000E-03   7.123E-01    6.185E-10     2.084E-01      0.000E+00     0.000E+00     5.375E-03      1      1    1.225      3        1    -0.019    0.000 
51.00   51.00   201.00   201.00   2.000E-02   1.000E-03   3.899E-01    5.939E-10     2.023E-01      0.000E+00     0.000E+00     5.334E-03      1      1    1.225      3        1    -0.019    0.000 
52.00   52.00   201.00   201.00   2.000E-02   1.000E-03   2.031E-01    5.707E-10     1.958E-01      0.000E+00     0.000E+00     5.290E-03      1      1    1.225      3        1    -0.019    0.000 
53.00   53.00   201.00   201.00   2.000E-02   1.000E-03   1.013E-01    5.488E-10     1.887E-01      0.000E+00     0.000E+00     5.244E-03      1      1    1.225      3        1    -0.019    0.000 
54.00   54.00   201.00   201.00   2.000E-02   1.000E-03   4.863E-02    5.281E-10     1.809E-01      0.000E+00     0.000E+00     5.195E-03      1      1    1.225      3        1    -0.019    0.000 
55.00   55.00   201.00   201.00   2.000E-02   1.000E-03   2.254E-02    5.086E-10     1.725E-01      0.000E+00     0.000E+00     5.141E-03      1      1    1.225      3        1    -0.019    0.000 
56.00   56.00   201.00   201.00   2.000E-02   1.000E-03   1.008E-02    4.902E-10     1.631E-01      0.000E+00     0.000E+00     5.084E-03      1      1    1.225      3        1    -0.019    0.000 
57.00   57.00   201.00   201.00   2.000E-02   1.000E-03   4.348E-03    4.727E-10     1.525E-01      0.000E+00     0.000E+00     5.020E-03      1      1    1.225      3        1    -0.019    0.000 
58.00   58.00   201.00   201.00   2.000E-02   1.000E-03   1.801E-03    4.561E-10     1.405E-01      0.000E+00     0.000E+00     4.950E-03      1      1    1.225      3        1    -0.019    0.000 
59.00   59.00   201.00   201.00   2.000E-02   1.000E-03   7.124E-04    4.404E-10     1.265E-01      0.000E+00     0.000E+00     4.871E-03      1      1    1.225      3        1    -0.018    0.000 
60.00   60.00   201.00   201.00   2.000E-02   1.000E-03   2.656E-04    4.254E-10     1.094E-01      0.000E+00     0.000E+00     4.777E-03      1      1    1.225      3        1    -0.018    0.000 
61.00   61.00   201.00   201.00   2.000E-02   1.000E-03   9.087E-05    4.112E-10     8.722E-02      0.000E+00     0.000E+00     4.661E-03      1      1    1.225      3        1    -0.018    0.000 
62.00   62.00   201.00   201.00   2.000E-02   1.000E-03   2.578E-05    3.977E-10     5.248E-02      0.000E+00     0.000E+00     4.490E-03      1      1    1.225      3        1    -0.018    0.000 
63.00   63.00   201.00   201.00   2.000E-02   1.000E-03   2.645E-02    3.849E-10     0.000E+00      0.000E+00     0.000E+00     4.255E-03      1      1    1.225      3        1    -0.018    0.000 
64.00   64.00   201.00   201.00   2.000E-02   1.000E-03   8.029E-02    3.726E-10     0.000E+00      0.000E+00     0.000E+00     4.255E-03      1      1    1.225      3        1    -0.018    0.000 
65.00   65.00   201.00   201.00   2.000E-02   1.000E-03   1.135E-01    3.609E-10     0.000E+00      0.000E+00     0.000E+00     4.255E-03      1      1    1.225      3        1    -0.018    0.000 
66.00   66.00   201.00   201.00   2.000E-02   1.000E-03   1.269E-01    3.498E-10     0.000E+00      0.000E+00     0.000E+00     4.255E-03      1      1    1.225      3        1    -0.018    0.000 
67.00   67.00   201.00   201.00   2.000E-02   1.000E-03   1.273E-01    3.392E-10     0.000E+00      0.000E+00     0.000E+00     4.255E-03      1      1    1.225      3        1    -0.018    0.000 
68.00   68.00   201.00   201.00   2.000E-02   1.000E-03   1.200E-01    3.290E-10     0.000E+00      0.000E+00     0.000E+00     4.255E-03      1      1    1.225      3        1    -0.017    0.000 
69.00   69.00   201.00   201.00   2.000E-02   1.000E-03   1.092E-01    3.193E-10     0.000E+00      0.000E+00     0.000E+00     4.255E-03      1      1    1.225      3        1    -0.017    0.000 
70.00   70.00   201.00   201.00   2.000E-02   1.000E-03   9.664E-02    3.100E-10     0.000E+00      0.000E+00     0.000E+00     4.255E-03      1      1    1.225      3        1    -0.017    0.000 
71.00   71.00   201.00   201.00   2.000E-02   1.000E-03   8.359E-02    3.011E-10     0.000E+00      0.000E+00     0.000E+00     4.255E-03      1      1    1.225      3        1    -0.017    0.000 
72.00   72.00   201.00   201.00   2.000E-02   1.000E-03   7.073E-02    2.925E-10     0.000E+00      0.000E+00     0.000E+00     4.255E-03      1      1    1.225      3        1    -0.017    0.000 
73.00   73.00   201.00   201.00   2.000E-02   1.000E-03   5.849E-02    2.844E-10     0.000E+00      0.000E+00     0.000E+00     4.255E-03      1      1    1.225      3        1    -0.017    0.000 
74.00   74.00   201.00   201.00   2.000E-02   1.000E-03   4.711E-02    2.765E-10     0.000E+00      0.000E+00     0.000E+00     4.255E-03      1      1    1.225      3        1    -0.017    0.000 
75.00   75.00   201.00   201.00   2.000E-02   1.000E-03   3.688E-02    2.690E-10     0.000E+00      0.000E+00     0.000E+00     4.255E-03      1      1    1.225      3        1    -0.017    0.000 
76.00   76.00   201.00   201.00   2.000E-02   1.000E-03   2.788E-02    2.618E-10     0.000E+00      0.000E+00     0.000E+00     4.255E-03      1      1    1.225      3        1    -0.017    0.000 
77.00   77.00   201.00   201.00   2.000E-02   1.000E-03   2.033E-02    2.548E-10     0.000E+00      0.000E+00     0.000E+00     4.255E-03      1      1    1.225      3        1    -0.016    0.000 
78.00   78.00   201.00   201.00   2.000E-02   1.000E-03   1.417E-02    2.482E-10     0.000E+00      0.000E+00     0.000E+00     4.255E-03      1      1    1.225      3        1    -0.016    0.000 
79.00   79.00   201.00   201.00   2.000E-02   1.000E-03   9.704E-03    2.418E-10     0.000E+00      0.000E+00     0.000E+00     4.255E-03      1      1    1.225      3        1    -0.016    0.000 
80.00   80.00   201.00   201.00   2.000E-02   1.000E-03   6.564E-03    2.356E-10     0.000E+00      0.000E+00     0.000E+00     4.255E-03      1      1    1.225      3        1    -0.016    0.000 
81.00   81.00   201.00   201.00   2.000E-02   1.000E-03   4.811E-03    2.297E-10     0.000E+00      0.000E+00     0.000E+00     4.255E-03      1      1    1.225      3        1    -0.016    0.000 
82.00   82.00   201.00   201.00   2.000E-02   1.000E-03   3.918E-03    2.239E-10     0.000E+00      0.000E+00     0.000E+00     4.255E-03      1      1    1.225      3        1    -0.016    0.000 
83.00   83.00   201.00   201.00   2.000E-02   1.000E-03   3.385E-03    2.184E-10     0.000E+00      0.000E+00     0.000E+00     4.255E-03      1      1    1.225      3        1    -0.016    0.000 
84.00   84.00   201.00   201.00   2.000E-02   1.000E-03   3.042E-03    2.131E-10     0.000E+00      0.000E+00     0.000E+00     4.255E-03      1      1    1.225      3        1    -0.016    0.000 
85.00   85.00   201.00   201.00   2.000E-02   1.000E-03   2.762E-03    2.079E-10     0.000E+00      0.000E+00     0.000E+00     4.255E-03      1      1    1.225      3        1    -0.015    0.000 
86.00   86.00   201.00   201.00   2.000E-02   1.000E-03   2.576E-03    2.030E-10     0.000E+00      0.000E+00     0.000E+00     4.255E-03      1      1    1.225      3        1    -0.015    0.000 
87.00   87.00   201.00   201.00   2.000E-02   1.000E-03   2.414E-03    1.982E-10     0.000E+00      0.000E+00     0.000E+00     4.255E-03      1      1    1.225      3        1    -0.015    0.000 
88.00   88.00   201.00   201.00   2.000E-02   1.000E-03   2.263E-03    1.936E-10     0.000E+00      0.000E+00     0.000E+00     4.255E-03      1      1    1.225      3        1    -0.015    0.000 
89.00   89.00   201.00   201.00   2.000E-02   1.000E-03   2.122E-03    1.891E-10     0.000E+00      0.000E+00     0.000E+00     4.255E-03      1      1    1.225      3        1    -0.015    0.000 
90.00   90.00   201.00   201.00   2.000E-02   1.000E-03   1.970E-03    1.848E-10     0.000E+00      0.000E+00     0.000E+00     4.255E-03      1      1    1.225      3        1    -0.015    0.000 
91.00   91.00   201.00   201.00   2.000E-02   1.000E-03   1.816E-03    1.807E-10     0.000E+00      0.000E+00     0.000E+00     4.255E-03      1      1    1.225      3        1    -0.015    0.000 
92.00   92.00   201.00   201.00   2.000E-02   1.000E-03   1.685E-03    1.766E-10     0.000E+00      0.000E+00     0.000E+00     4.255E-03      1      1    1.225      3        1    -0.015    0.000 
93.00   93.00   201.00   201.00   2.000E-02   1.000E-03   1.586E-03    1.727E-10     0.000E+00      0.000E+00     0.000E+00     4.255E-03      1      1    1.225      3        1    -0.014    0.000 
94.00   94.00   201.00   201.00   2.000E-02   1.000E-03   1.508E-03    1.690E-10     0.000E+00      0.000E+00     0.000E+00     4.255E-03      1      1    1.225      3        1    -0.014    0.000 
95.00   95.00   201.00   201.00   2.000E-02   1.000E-03   1.446E-03    1.653E-10     0.000E+00      0.000E+00     0.000E+00     4.255E-03      1      1    1.225      3        1    -0.014    0.000 
96.00   96.00   201.00   201.00   2.000E-02   1.000E-03   1.394E-03    1.618E-10     0.000E+00      0.000E+00     0.000E+00     4.255E-03      1      1    1.225      3        1    -0.014    0.000 
97.00   97.00   201.00   201.00   2.000E-02   1.000E-03   1.347E-03    1.584E-10     0.000E+00      0.000E+00     0.000E+00     4.255E-03      1      1    1.225      3        1    -0.014    0.000 
98.00   98.00   201.00   201.00   2.000E-02   1.000E-03   1.312E-03    1.550E-10     0.000E+00      0.000E+00     0.000E+00     4.255E-03      1      1    1.225      3        1    -0.014    0.000 
99.00   99.00   201.00   201.00   2.000E-02   1.000E-03   1.282E-03    1.518E-10     0.000E+00      0.000E+00     0.000E+00     4.255E-03      1      1    1.225      3        1    -0.014    0.000 
100.00   100.00   201.00   201.00   2.000E-02   1.000E-03   1.255E-03    1.487E-10     0.000E+00      0.000E+00     0.000E+00     4.255E-03      1      1    1.225      3        1    -0.014    0.000 
101.00   101.00   201.00   201.00   2.000E-02   1.000E-03   1.231E-03    1.457E-10     0.000E+00      0.000E+00     0.000E+00     4.255E-03      1      1    1.225      3        1    -0.013    0.000 
102.00   102.00   201.00   201.00   2.000E-02   1.000E-03   1.209E-03    1.428E-10     0.000E+00      0.000E+00     0.000E+00     4.255E-03      1      1    1.225      3        1    -0.013    0.000 
103.00   103.00   201.00   201.00   2.000E-02   1.000E-03   1.189E-03    1.399E-10     0.000E+00      0.000E+00     0.000E+00     4.255E-03      1      1    1.225      3        1    -0.013    0.000 
104.00   104.00   201.00   201.00   2.000E-02   1.000E-03   1.171E-03    1.372E-10     0.000E+00      0.000E+00     0.000E+00     4.255E-03      1      1    1.225      3        1    -0.013    0.000 
105.00   105.00   201.00   201.00   2.000E-02   1.000E-03   1.155E-03    1.345E-10     0.000E+00      0.000E+00     0.000E+00     4.255E-03      1      1    1.225      3        1    -0.013    0.000 
106.00   106.00   201.00   201.00   2.000E-02   1.000E-03   1.141E-03    1.319E-10     0.000E+00      0.000E+00     0.000E+00     4.255E-03      1      1    1.225      3        1    -0.013    0.000 
107.00   107.00   201.00   201.00   2.000E-02   1.000E-03   1.129E-03    1.294E-10     0.000E+00      0.000E+00     0.000E+00     4.255E-03      1      1    1.225      3        1    -0.013    0.000 
108.00   108.00   201.00   201.00   2.000E-02   1.000E-03   1.117E-03    1.269E-10     0.000E+00      0.000E+00     0.000E+00     4.255E-03      1      1    1.225      3        1    -0.013    0.000 
109.00   109.00   201.00   201.00   2.000E-02   1.000E-03   1.108E-03    1.245E-10     0.000E+00      0.000E+00     0.000E+00     4.255E-03      1      1    1.225      3        1    -0.012    0.000 
110.00   110.00   201.00   201.00   2.000E-02   1.000E-03   1.100E-03    1.222E-10     0.000E+00      0.000E+00     0.000E+00     4.255E-03      1      1    1.225      3        1    -0.012    0.000 
111.00   111.00   201.00   201.00   2.000E-02   1.000E-03   1.089E-03    1.199E-10     0.000E+00      0.000E+00     0.000E+00     4.255E-03      1      1    1.225      3        1    -0.012    0.000 
112.00   112.00   201.00   201.00   2.000E-02   1.000E-03   1.080E-03    1.177E-10     0.000E+00      0.000E+00     0.000E+00     4.255E-03      1      1    1.225      3        1    -0.012    0.000 
113.00   113.00   201.00   201.00   2.000E-02   1.000E-03   1.075E-03    1.156E-10     0.000E+00      0.000E+00     0.000E+00     4.255E-03      1      1    1.225      3        1    -0.012    0.000 
114.00   114.00   201.00   201.00   2.000E-02   1.000E-03   1.072E-03    1.135E-10     0.000E+00      0.000E+00     0.000E+00     4.255E-03      1      1    1.225      3        1    -0.012    0.000 
115.00   115.00   201.00   201.00   2.000E-02   1.000E-03   1.069E-03    1.115E-10     0.000E+00      0.000E+00     0.000E+00     4.255E-03      1      1    1.225      3        1    -0.012    0.000 
116.00   116.00   201.00   201.00   2.000E-02   1.000E-03   1.067E-03    1.095E-10     0.000E+00      0.000E+00     0.000E+00     4.255E-03      1      1    1.225      3        1    -0.011    0.000 
117.00   117.00   201.00   201.00   2.000E-02   1.000E-03   1.066E-03    1.076E-10     0.000E+00      0.000E+00     0.000E+00     4.255E-03      1      1    1.225      3        1    -0.011    0.000 
118.00   118.00   201.00   201.00   2.000E-02   1.000E-03   1.065E-03    1.057E-10     0.000E+00      0.000E+00     0.000E+00     4.255E-03      1      1    1.225      3        1    -0.011    0.000 
119.00   119.00   201.00   201.00   2.000E-02   1.000E-03   1.066E-03    1.039E-10     0.000E+00      0.000E+00     0.000E+00     4.255E-03      1      1    1.225      3        1    -0.011    0.000 
120.00   120.00   201.00   201.00   2.000E-02   1.000E-03   1.067E-03    1.021E-10     0.000E+00      0.000E+00     0.000E+00     4.255E-03      1      1    1.225      3        1    -0.011    0.000 
121.00   121.00   201.00   201.00   2.000E-02   1.000E-03   1.068E-03    1.004E-10     0.000E+00      0.000E+00     0.000E+00     4.255E-03      1      1    1.225      3        1    -0.011    0.000 
122.00   122.00   201.00   201.00   2.000E-02   1.000E-03   1.071E-03    9.869E-11     0.000E+00      0.000E+00     0.000E+00     4.255E-03      1      1    1.225      3        1    -0.011    0.000 
123.00   123.00   201.00   201.00   2.000E-02   1.000E-03   1.022E-03    9.705E-11     0.000E+00      0.000E+00     0.000E+00     4.255E-03      1      1    1.225      3        1    -0.011    0.000 
124.00   124.00   201.00   201.00   2.000E-02   1.000E-03   1.026E-03    9.544E-11     0.000E+00      0.000E+00     0.000E+00     4.255E-03      1      1    1.225      3        1    -0.010    0.000 
125.00   125.00   201.00   201.00   2.000E-02   1.000E-03   1.030E-03    9.387E-11     0.000E+00      0.000E+00     0.000E+00     4.255E-03      1      1    1.225      3        1    -0.010    0.000 
126.00   126.00   201.00   201.00   2.000E-02   1.000E-03   1.034E-03    9.234E-11     0.000E+00      0.000E+00     0.000E+00     4.255E-03      1      1    1.225      3        1    -0.010    0.000 
127.00   127.00   201.00   201.00   2.000E-02   1.000E-03   1.037E-03    9.085E-11     0.000E+00      0.000E+00     0.000E+00     4.255E-03      1      1    1.225      3        1    -0.010    0.000 
128.00   128.00   201.00   201.00   2.000E-02   1.000E-03   1.043E-03    8.939E-11     0.000E+00      0.000E+00     0.000E+00     4.255E-03      1      1    1.225      3        1    -0.010    0.000 
129.00   129.00   201.00   201.00   2.000E-02   1.000E-03   1.047E-03    8.797E-11     0.000E+00      0.000E+00     0.000E+00     4.255E-03      1      1    1.225      3        1    -0.010    0.000 
130.00   130.00   201.00   201.00   2.000E-02   1.000E-03   1.055E-03    8.658E-11     0.000E+00      0.000E+00     0.000E+00     4.255E-03      1      1    1.225      3        1    -0.010    0.000 
131.00   131.00   201.00   201.00   2.000E-02   1.000E-03   1.063E-03    8.522E-11     0.000E+00      0.000E+00     0.000E+00     4.255E-03      1      1    1.225      3        1    -0.009    0.000 
132.00   132.00   201.00   201.00   2.000E-02   1.000E-03   1.071E-03    8.390E-11     0.000E+00      0.000E+00     0.000E+00     4.255E-03      1      1    1.225      3        1    -0.009    0.000 
133.00   133.00   201.00   201.00   2.000E-02   1.000E-03   1.081E-03    8.260E-11     0.000E+00      0.000E+00     0.000E+00     4.255E-03      1      1    1.225      3        1    -0.009    0.000 
134.00   134.00   201.00   201.00   2.000E-02   1.000E-03   1.091E-03    8.134E-11     0.000E+00      0.000E+00     0.000E+00     4.255E-03      1      1    1.225      3        1    -0.009    0.000 
135.00   135.00   201.00   201.00   2.000E-02   1.000E-03   1.101E-03    8.010E-11     0.000E+00      0.000E+00     0.000E+00     4.255E-03      1      1    1.225      3        1    -0.009    0.000 
136.00   136.00   201.00   201.00   2.000E-02   1.000E-03   1.113E-03    7.889E-11     0.000E+00      0.000E+00     0.000E+00     4.255E-03      1      1    1.225      3        1    -0.009    0.000 
137.00   137.00   201.00   201.00   2.000E-02   1.000E-03   1.125E-03    7.771E-11     0.000E+00      0.000E+00     0.000E+00     4.255E-03      1      1    1.225      3        1    -0.009    0.000 
138.00   138.00   201.00   201.00   2.000E-02   1.000E-03   1.138E-03    7.655E-11     0.000E+00      0.000E+00     0.000E+00     4.255E-03      1      1    1.225      3        1    -0.008    0.000 
139.00   139.00   201.00   201.00   2.000E-02   1.000E-03   1.152E-03    7.542E-11     0.000E+00      0.000E+00     0.000E+00     4.255E-03      1      1    1.225      3        1    -0.008    0.000 
140.00   140.00   201.00   201.00   2.000E-02   1.000E-03   1.166E-03    7.431E-11     0.000E+00      0.000E+00     0.000E+00     4.255E-03      1      1    1.225      3        1    -0.008    0.000 
141.00   141.00   201.00   201.00   2.000E-02   1.000E-03   1.182E-03    7.323E-11     0.000E+00      0.000E+00     0.000E+00     4.255E-03      1      1    1.225      3        1    -0.008    0.000 
142.00   142.00   201.00   201.00   2.000E-02   1.000E-03   1.198E-03    7.217E-11     0.000E+00      0.000E+00     0.000E+00     4.255E-03      1      1    1.225      3        1    -0.008    0.000 
143.00   143.00   201.00   201.00   2.000E-02   1.000E-03   1.215E-03    7.113E-11     0.000E+00      0.000E+00     0.000E+00     4.255E-03      1      1    1.225      3        1    -0.008    0.000 
144.00   144.00   201.00   201.00   2.000E-02   1.000E-03   1.233E-03    7.012E-11     0.000E+00      0.000E+00     0.000E+00     4.255E-03      1      1    1.225      3        1    -0.008    0.000 
145.00   145.00   201.00   201.00   2.000E-02   1.000E-03   1.253E-03    6.913E-11     0.000E+00      0.000E+00     0.000E+00     4.255E-03      1      1    1.225      3        1    -0.008    0.000 
146.00   146.00   201.00   201.00   2.000E-02   1.000E-03   1.273E-03    6.815E-11     0.000E+00      0.000E+00     0.000E+00     4.255E-03      1      1    1.225      3        1    -0.007    0.000 
147.00   147.00   201.00   201.00   2.000E-02   1.000E-03   1.294E-03    6.638E-11     0.000E+00      0.000E+00     0.000E+00     4.255E-03      1      1    1.225      3        1    -0.007    0.000 
148.00   148.00   201.00   201.00   2.000E-02   1.000E-03   1.316E-03    6.548E-11     0.000E+00      0.000E+00     0.000E+00     4.255E-03      1      1    1.225      3        1    -0.007    0.000 
149.00   149.00   201.00   201.00   2.000E-02   1.000E-03   1.340E-03    6.460E-11     0.000E+00      0.000E+00     0.000E+00     4.255E-03      1      1    1.225      3        1    -0.007    0.000 
150.00   150.00   201.00   201.00   2.000E-02   1.000E-03   1.425E-03    6.373E-11     0.000E+00      0.000E+00     0.000E+00     4.255E-03      1      1    1.225      3        1    -0.007    0.000 
151.00   151.00   201.00   201.00   2.000E-02   1.000E-03   1.451E-03    6.288E-11     0.000E+00      0.000E+00     0.000E+00     4.255E-03      1      1    1.225      3        1    -0.007    0.000 
152.00   152.00   201.00   201.00   2.000E-02   1.000E-03   1.479E-03    6.205E-11     0.000E+00      0.000E+00     0.000E+00     4.255E-03      1      1    1.225      3        1    -0.007    0.000 
153.00   153.00   201.00   201.00   2.000E-02   1.000E-03   1.508E-03    6.123E-11     0.000E+00      0.000E+00     0.000E+00     4.255E-03      1      1    1.225      3        1    -0.006    0.000 
154.00   154.00   201.00   201.00   2.000E-02   1.000E-03   1.538E-03    6.043E-11     0.000E+00      0.000E+00     0.000E+00     4.255E-03      1      1    1.225      3        1    -0.006    0.000 
155.00   155.00   201.00   201.00   2.000E-02   1.000E-03   1.571E-03    5.965E-11     0.000E+00      0.000E+00     0.000E+00     4.255E-03      1      1    1.225      3        1    -0.006    0.000 
156.00   156.00   201.00   201.00   2.000E-02   1.000E-03   1.604E-03    5.888E-11     0.000E+00      0.000E+00     0.000E+00     4.255E-03      1      1    1.225      3        1    -0.006    0.000 
157.00   157.00   201.00   201.00   2.000E-02   1.000E-03   1.640E-03    5.812E-11     0.000E+00      0.000E+00     0.000E+00     4.255E-03      1      1    1.225      3        1    -0.006    0.000 
158.00   158.00   201.00   201.00   2.000E-02   1.000E-03   1.677E-03    5.738E-11     0.000E+00      0.000E+00     0.000E+00     4.255E-03      1      1    1.225      3        1    -0.006    0.000 
159.00   159.00   201.00   201.00   2.000E-02   1.000E-03   1.716E-03    5.666E-11     0.000E+00      0.000E+00     0.000E+00     4.255E-03      1      1    1.225      3        1    -0.006    0.000 
160.00   160.00   201.00   201.00   2.000E-02   1.000E-03   1.757E-03    5.594E-11     0.000E+00      0.000E+00     0.000E+00     4.255E-03      1      1    1.225      3        1    -0.006    0.000 
161.00   161.00   201.00   201.00   2.000E-02   1.000E-03   1.800E-03    5.524E-11     0.000E+00      0.000E+00     0.000E+00     4.255E-03      1      1    1.225      3        1    -0.005    0.000 
162.00   162.00   201.00   201.00   2.000E-02   1.000E-03   1.846E-03    5.456E-11     0.000E+00      0.000E+00     0.000E+00     4.255E-03      1      1    1.225      3        1    -0.005    0.000 
163.00   163.00   201.00   201.00   2.000E-02   1.000E-03   1.894E-03    5.388E-11     0.000E+00      0.000E+00     0.000E+00     4.255E-03      1      1    1.225      3        1    -0.005    0.000 
164.00   164.00   201.00   201.00   2.000E-02   1.000E-03   1.944E-03    5.322E-11     0.000E+00      0.000E+00     0.000E+00     4.255E-03      1      1    1.225      3        1    -0.005    0.000 
165.00   165.00   201.00   201.00   2.000E-02   1.000E-03   1.998E-03    5.257E-11     0.000E+00      0.000E+00     0.000E+00     4.255E-03      1      1    1.225      3        1    -0.005    0.000 
166.00   166.00   201.00   201.00   2.000E-02   1.000E-03   2.054E-03    5.193E-11     0.000E+00      0.000E+00     0.000E+00     4.255E-03      1      1    1.225      3        1    -0.005    0.000 
167.00   167.00   201.00   201.00   2.000E-02   1.000E-03   2.114E-03    5.131E-11     0.000E+00      0.000E+00     0.000E+00     4.255E-03      1      1    1.225      3        1    -0.005    0.000 
168.00   168.00   201.00   201.00   2.000E-02   1.000E-03   2.176E-03    5.069E-11     0.000E+00      0.000E+00     0.000E+00     4.255E-03      1      1    1.225      3        1    -0.004    0.000 
169.00   169.00   201.00   201.00   2.000E-02   1.000E-03   2.243E-03    4.980E-11     0.000E+00      0.000E+00     0.000E+00     4.255E-03      1      1    1.225      3        1    -0.004    0.000 
170.00   170.00   201.00   201.00   2.000E-02   1.000E-03   2.314E-03    4.922E-11     0.000E+00      0.000E+00     0.000E+00     4.255E-03      1      1    1.225      3        1    -0.004    0.000 
171.00   171.00   201.00   201.00   2.000E-02   1.000E-03   2.389E-03    4.865E-11     0.000E+00      0.000E+00     0.000E+00     4.255E-03      1      1    1.225      3        1    -0.004    0.000 
172.00   172.00   201.00   201.00   2.000E-02   1.000E-03   2.469E-03    4.808E-11     0.000E+00      0.000E+00     0.000E+00     4.255E-03      1      1    1.225      3        1    -0.004    0.000 
173.00   173.00   201.00   201.00   2.000E-02   1.000E-03   2.554E-03    4.753E-11     0.000E+00      0.000E+00     0.000E+00     4.255E-03      1      1    1.225      3        1    -0.004    0.000 
174.00   174.00   201.00   201.00   2.000E-02   1.000E-03   2.645E-03    4.699E-11     0.000E+00      0.000E+00     0.000E+00     4.255E-03      1      1    1.225      3        1    -0.004    0.000 
175.00   175.00   201.00   201.00   2.000E-02   1.000E-03   2.742E-03    4.646E-11     0.000E+00      0.000E+00     0.000E+00     4.255E-03      1      1    1.225      3        1    -0.003    0.000 
176.00   176.00   201.00   201.00   2.000E-02   1.000E-03   2.847E-03    4.594E-11     0.000E+00      0.000E+00     0.000E+00     4.255E-03      1      1    1.225      3        1    -0.003    0.000 
177.00   177.00   201.00   201.00   2.000E-02   1.000E-03   2.960E-03    4.542E-11     0.000E+00      0.000E+00     0.000E+00     4.255E-03      1      1    1.225      3        1    -0.003    0.000 
178.00   178.00   201.00   201.00   2.000E-02   1.000E-03   3.082E-03    4.491E-11     0.000E+00      0.000E+00     0.000E+00     4.255E-03      1      1    1.225      3        1    -0.003    0.000 
179.00   179.00   201.00   201.00   2.000E-02   1.000E-03   3.213E-03    4.442E-11     0.000E+00      0.000E+00     0.000E+00     4.255E-03      1      1    1.225      3        1    -0.003    0.000 
180.00   180.00   201.00   201.00   2.000E-02   1.000E-03   3.356E-03    4.393E-11     0.000E+00      0.000E+00     0.000E+00     4.255E-03      1      1    1.225      3        1    -0.003    0.000 
181.00   181.00   201.00   201.00   2.000E-02   1.000E-03   3.512E-03    4.345E-11     0.000E+00      0.000E+00     0.000E+00     4.255E-03      1      1    1.225      3        1    -0.003    0.000 
182.00   182.00   201.00   201.00   2.000E-02   1.000E-03   3.683E-03    4.297E-11     0.000E+00      0.000E+00     0.000E+00     4.255E-03      1      1    1.225      3        1    -0.003    0.000 
183.00   183.00   201.00   201.00   2.000E-02   1.000E-03   3.870E-03    4.251E-11     0.000E+00      0.000E+00     0.000E+00     4.255E-03      1      1    1.225      3        1    -0.002    0.000 
184.00   184.00   201.00   201.00   2.000E-02   1.000E-03   4.077E-03    4.205E-11     0.000E+00      0.000E+00     0.000E+00     4.255E-03      1      1    1.225      3        1    -0.002    0.000 
185.00   185.00   201.00   201.00   2.000E-02   1.000E-03   4.305E-03    4.160E-11     0.000E+00      0.000E+00     0.000E+00     4.255E-03      1      1    1.225      3        1    -0.002    0.000 
186.00   186.00   201.00   201.00   2.000E-02   1.000E-03   4.559E-03    4.115E-11     0.000E+00      0.000E+00     0.000E+00     4.255E-03      1      1    1.225      3        1    -0.002    0.000 
187.00   187.00   201.00   201.00   2.000E-02   1.000E-03   4.841E-03    4.072E-11     0.000E+00      0.000E+00     0.000E+00     4.255E-03      1      1    1.225      3        1    -0.002    0.000 
188.00   188.00   201.00   201.00   2.000E-02   1.000E-03   5.157E-03    4.029E-11     0.000E+00      0.000E+00     0.000E+00     4.255E-03      1      1    1.225      3        1    -0.002    0.000 
189.00   189.00   201.00   201.00   2.000E-02   1.000E-03   5.511E-03    3.986E-11     0.000E+00      0.000E+00     0.000E+00     4.255E-03      1      1    1.225      3        1    -0.002    0.000 
190.00   190.00   201.00   201.00   2.000E-02   1.000E-03   5.910E-03    3.945E-11     0.000E+00      0.000E+00     0.000E+00     4.255E-03      1      1    1.225      3        1    -0.001    0.000 
191.00   191.00   201.00   201.00   2.000E-02   1.000E-03   6.362E-03    3.904E-11     0.000E+00      0.000E+00     0.000E+00     4.255E-03      1      1    1.225      3        1    -0.001    0.000 
192.00   192.00   201.00   201.00   2.000E-02   1.000E-03   6.875E-03    3.863E-11     0.000E+00      0.000E+00     0.000E+00     4.255E-03      1      1    1.225      3        1    -0.001    0.000 
193.00   193.00   201.00   201.00   2.000E-02   1.000E-03   7.461E-03    3.824E-11     0.000E+00      0.000E+00     0.000E+00     4.255E-03      1      1    1.225      3        1    -0.001    0.000 
194.00   194.00   201.00   201.00   2.000E-02   1.000E-03   8.134E-03    3.784E-11     0.000E+00      0.000E+00     0.000E+00     4.255E-03      1      1    1.225      3        1    -0.001    0.000 
195.00   195.00   201.00   201.00   2.000E-02   1.000E-03   8.913E-03    3.746E-11     0.000E+00      0.000E+00     0.000E+00     4.255E-03      1      1    1.225      3        1    -0.001    0.000 
196.00   196.00   201.00   201.00   2.000E-02   1.000E-03   9.823E-03    3.708E-11     0.000E+00      0.000E+00     0.000E+00     4.255E-03      1      1    1.225      3        1    -0.001    0.000 
197.00   197.00   201.00   201.00   2.000E-02   1.000E-03   1.090E-02    3.671E-11     0.000E+00      0.000E+00     0.000E+00     4.255E-03      1      1    1.225      3        1    -0.001    0.000 
198.00   198.00   201.00   201.00   2.000E-02   1.000E-03   1.219E-02    3.634E-11     0.000E+00      0.000E+00     0.000E+00     4.255E-03      1      1    1.225      3        1    -0.000    0.000 
199.00   199.00   201.00   201.00   2.000E-02   1.000E-03   1.376E-02    3.597E-11     0.000E+00      0.000E+00     0.000E+00     4.255E-03      1      1    1.225      3        1    -0.001    0.000 
200.00   200.00   201.00   201.00   2.000E-02   1.000E-03   1.567E-02    3.562E-11     0.000E+00      0.000E+00     0.000E+00     4.255E-03      1      1    1.225      3        1    -0.001    0.000 
