 MDM      Mh1     Mh2      Mhc      ld345        ld         Omega       protonSI     Br(H->h1h1)    Br(H->h2h2)   Br(H->h-h+)     Width_H      HB     HS      R      v_stab     LEP    S        T   
10.00   10.00   201.00   201.00   -5.000E-01   4.000E+00   7.077E-02    1.003E-05     9.963E-01      0.000E+00     0.000E+00     1.156E+00      0      0    -0.484      2        1    -0.022    0.000 
11.00   11.00   201.00   201.00   -5.000E-01   4.000E+00   6.717E-02    8.306E-06     9.963E-01      0.000E+00     0.000E+00     1.153E+00      0      0    -0.484      2        1    -0.022    0.000 
12.00   12.00   201.00   201.00   -5.000E-01   4.000E+00   6.456E-02    6.989E-06     9.963E-01      0.000E+00     0.000E+00     1.149E+00      0      0    -0.484      2        1    -0.022    0.000 
13.00   13.00   201.00   201.00   -5.000E-01   4.000E+00   6.252E-02    5.959E-06     9.963E-01      0.000E+00     0.000E+00     1.145E+00      0      0    -0.484      2        1    -0.022    0.000 
14.00   14.00   201.00   201.00   -5.000E-01   4.000E+00   6.083E-02    5.139E-06     9.963E-01      0.000E+00     0.000E+00     1.141E+00      0      0    -0.484      2        1    -0.022    0.000 
15.00   15.00   201.00   201.00   -5.000E-01   4.000E+00   5.936E-02    4.475E-06     9.963E-01      0.000E+00     0.000E+00     1.137E+00      0      0    -0.484      2        1    -0.022    0.000 
16.00   16.00   201.00   201.00   -5.000E-01   4.000E+00   5.803E-02    3.931E-06     9.962E-01      0.000E+00     0.000E+00     1.132E+00      0      0    -0.484      2        1    -0.022    0.000 
17.00   17.00   201.00   201.00   -5.000E-01   4.000E+00   5.677E-02    3.480E-06     9.962E-01      0.000E+00     0.000E+00     1.127E+00      0      0    -0.484      2        1    -0.022    0.000 
18.00   18.00   201.00   201.00   -5.000E-01   4.000E+00   5.556E-02    3.101E-06     9.962E-01      0.000E+00     0.000E+00     1.122E+00      0      0    -0.484      2        1    -0.022    0.000 
19.00   19.00   201.00   201.00   -5.000E-01   4.000E+00   5.436E-02    2.780E-06     9.962E-01      0.000E+00     0.000E+00     1.116E+00      0      0    -0.484      2        1    -0.022    0.000 
20.00   20.00   201.00   201.00   -5.000E-01   4.000E+00   5.316E-02    2.506E-06     9.962E-01      0.000E+00     0.000E+00     1.110E+00      0      0    -0.484      2        1    -0.022    0.000 
21.00   21.00   201.00   201.00   -5.000E-01   4.000E+00   5.195E-02    2.271E-06     9.961E-01      0.000E+00     0.000E+00     1.103E+00      0      0    -0.484      2        1    -0.022    0.000 
22.00   22.00   201.00   201.00   -5.000E-01   4.000E+00   5.071E-02    2.066E-06     9.961E-01      0.000E+00     0.000E+00     1.096E+00      0      0    -0.484      2        1    -0.022    0.000 
23.00   23.00   201.00   201.00   -5.000E-01   4.000E+00   4.945E-02    1.888E-06     9.961E-01      0.000E+00     0.000E+00     1.089E+00      0      0    -0.484      2        1    -0.021    0.000 
24.00   24.00   201.00   201.00   -5.000E-01   4.000E+00   4.815E-02    1.732E-06     9.961E-01      0.000E+00     0.000E+00     1.082E+00      0      0    -0.484      2        1    -0.021    0.000 
25.00   25.00   201.00   201.00   -5.000E-01   4.000E+00   4.682E-02    1.594E-06     9.960E-01      0.000E+00     0.000E+00     1.074E+00      0      0    -0.484      2        1    -0.021    0.000 
26.00   26.00   201.00   201.00   -5.000E-01   4.000E+00   4.545E-02    1.472E-06     9.960E-01      0.000E+00     0.000E+00     1.065E+00      0      0    -0.484      2        1    -0.021    0.000 
27.00   27.00   201.00   201.00   -5.000E-01   4.000E+00   4.406E-02    1.363E-06     9.960E-01      0.000E+00     0.000E+00     1.057E+00      0      0    -0.484      2        1    -0.021    0.000 
28.00   28.00   201.00   201.00   -5.000E-01   4.000E+00   4.263E-02    1.265E-06     9.959E-01      0.000E+00     0.000E+00     1.047E+00      0      0    -0.484      2        1    -0.021    0.000 
29.00   29.00   201.00   201.00   -5.000E-01   4.000E+00   4.116E-02    1.178E-06     9.959E-01      0.000E+00     0.000E+00     1.038E+00      0      0    -0.484      2        1    -0.021    0.000 
30.00   30.00   201.00   201.00   -5.000E-01   4.000E+00   3.966E-02    1.099E-06     9.959E-01      0.000E+00     0.000E+00     1.028E+00      0      0    -0.484      2        1    -0.021    0.000 
31.00   31.00   201.00   201.00   -5.000E-01   4.000E+00   3.812E-02    1.028E-06     9.958E-01      0.000E+00     0.000E+00     1.017E+00      0      0    -0.484      2        1    -0.021    0.000 
32.00   32.00   201.00   201.00   -5.000E-01   4.000E+00   3.656E-02    9.637E-07     9.958E-01      0.000E+00     0.000E+00     1.006E+00      0      0    -0.484      2        1    -0.021    0.000 
33.00   33.00   201.00   201.00   -5.000E-01   4.000E+00   3.498E-02    9.050E-07     9.957E-01      0.000E+00     0.000E+00     9.951E-01      0      0    -0.484      2        1    -0.021    0.000 
34.00   34.00   201.00   201.00   -5.000E-01   4.000E+00   3.338E-02    8.515E-07     9.957E-01      0.000E+00     0.000E+00     9.833E-01      0      0    -0.484      2        1    -0.021    0.000 
35.00   35.00   201.00   201.00   -5.000E-01   4.000E+00   3.176E-02    8.025E-07     9.956E-01      0.000E+00     0.000E+00     9.709E-01      0      0    -0.484      2        1    -0.021    0.000 
36.00   36.00   201.00   201.00   -5.000E-01   4.000E+00   3.013E-02    7.576E-07     9.956E-01      0.000E+00     0.000E+00     9.580E-01      0      0    -0.484      2        1    -0.021    0.000 
37.00   37.00   201.00   201.00   -5.000E-01   4.000E+00   2.849E-02    7.163E-07     9.955E-01      0.000E+00     0.000E+00     9.446E-01      0      0    -0.484      2        1    -0.021    0.000 
38.00   38.00   201.00   201.00   -5.000E-01   4.000E+00   2.684E-02    6.783E-07     9.954E-01      0.000E+00     0.000E+00     9.306E-01      0      0    -0.484      2        1    -0.020    0.000 
39.00   39.00   201.00   201.00   -5.000E-01   4.000E+00   2.519E-02    6.431E-07     9.954E-01      0.000E+00     0.000E+00     9.160E-01      0      0    -0.484      2        1    -0.020    0.000 
40.00   40.00   201.00   201.00   -5.000E-01   4.000E+00   2.352E-02    6.107E-07     9.953E-01      0.000E+00     0.000E+00     9.008E-01      0      0    -0.484      2        1    -0.020    0.000 
41.00   41.00   201.00   201.00   -5.000E-01   4.000E+00   2.188E-02    5.806E-07     9.952E-01      0.000E+00     0.000E+00     8.849E-01      0      0    -0.484      2        1    -0.020    0.000 
42.00   42.00   201.00   201.00   -5.000E-01   4.000E+00   2.025E-02    5.526E-07     9.951E-01      0.000E+00     0.000E+00     8.683E-01      0      0    -0.484      2        1    -0.020    0.000 
43.00   43.00   201.00   201.00   -5.000E-01   4.000E+00   1.864E-02    5.266E-07     9.950E-01      0.000E+00     0.000E+00     8.510E-01      0      0    -0.484      2        1    -0.020    0.000 
44.00   44.00   201.00   201.00   -5.000E-01   4.000E+00   1.705E-02    5.024E-07     9.949E-01      0.000E+00     0.000E+00     8.329E-01      0      0    -0.484      2        1    -0.020    0.000 
45.00   45.00   201.00   201.00   -5.000E-01   4.000E+00   1.548E-02    4.798E-07     9.948E-01      0.000E+00     0.000E+00     8.139E-01      0      0    -0.484      2        1    -0.020    0.000 
46.00   46.00   201.00   201.00   -5.000E-01   4.000E+00   1.394E-02    4.586E-07     9.946E-01      0.000E+00     0.000E+00     7.941E-01      0      0    -0.484      2        1    -0.020    0.000 
47.00   47.00   201.00   201.00   -5.000E-01   4.000E+00   1.245E-02    4.388E-07     9.945E-01      0.000E+00     0.000E+00     7.733E-01      0      0    -0.484      2        1    -0.020    0.000 
48.00   48.00   201.00   201.00   -5.000E-01   4.000E+00   1.099E-02    4.203E-07     9.943E-01      0.000E+00     0.000E+00     7.515E-01      0      0    -0.484      2        1    -0.020    0.000 
49.00   49.00   201.00   201.00   -5.000E-01   4.000E+00   9.573E-03    4.029E-07     9.942E-01      0.000E+00     0.000E+00     7.285E-01      0      0    -0.484      2        1    -0.019    0.000 
50.00   50.00   201.00   201.00   -5.000E-01   4.000E+00   8.318E-03    3.865E-07     9.940E-01      0.000E+00     0.000E+00     7.043E-01      0      0    -0.484      2        1    -0.019    0.000 
51.00   51.00   201.00   201.00   -5.000E-01   4.000E+00   6.940E-03    3.712E-07     9.937E-01      0.000E+00     0.000E+00     6.787E-01      0      0    -0.484      2        1    -0.019    0.000 
52.00   52.00   201.00   201.00   -5.000E-01   4.000E+00   5.597E-03    3.567E-07     9.935E-01      0.000E+00     0.000E+00     6.515E-01      0      0    -0.484      2        1    -0.019    0.000 
53.00   53.00   201.00   201.00   -5.000E-01   4.000E+00   4.296E-03    3.430E-07     9.932E-01      0.000E+00     0.000E+00     6.226E-01      0      0    -0.484      2        1    -0.019    0.000 
54.00   54.00   201.00   201.00   -5.000E-01   4.000E+00   3.070E-03    3.301E-07     9.928E-01      0.000E+00     0.000E+00     5.917E-01      0      0    -0.484      2        1    -0.019    0.000 
55.00   55.00   201.00   201.00   -5.000E-01   4.000E+00   1.989E-03    3.179E-07     9.924E-01      0.000E+00     0.000E+00     5.584E-01      0      0    -0.484      2        1    -0.019    0.000 
56.00   56.00   201.00   201.00   -5.000E-01   4.000E+00   1.141E-03    3.064E-07     9.919E-01      0.000E+00     0.000E+00     5.224E-01      0      0    -0.484      2        1    -0.019    0.000 
57.00   57.00   201.00   201.00   -5.000E-01   4.000E+00   5.715E-04    2.954E-07     9.912E-01      0.000E+00     0.000E+00     4.828E-01      0      0    -0.484      2        1    -0.019    0.000 
58.00   58.00   201.00   201.00   -5.000E-01   4.000E+00   2.501E-04    2.851E-07     9.903E-01      0.000E+00     0.000E+00     4.390E-01      0      0    -0.484      2        1    -0.019    0.000 
59.00   59.00   201.00   201.00   -5.000E-01   4.000E+00   9.589E-05    2.752E-07     9.891E-01      0.000E+00     0.000E+00     3.892E-01      0      0    -0.484      2        1    -0.018    0.000 
60.00   60.00   201.00   201.00   -5.000E-01   4.000E+00   3.194E-05    2.659E-07     9.871E-01      0.000E+00     0.000E+00     3.309E-01      0      0    -0.484      2        1    -0.018    0.000 
61.00   61.00   201.00   201.00   -5.000E-01   4.000E+00   8.750E-06    2.570E-07     9.835E-01      0.000E+00     0.000E+00     2.583E-01      0      0    -0.484      2        1    -0.018    0.000 
62.00   62.00   201.00   201.00   -5.000E-01   4.000E+00   1.491E-06    2.486E-07     9.719E-01      0.000E+00     0.000E+00     1.515E-01      0      0    -0.484      2        1    -0.018    0.000 
63.00   63.00   201.00   201.00   -5.000E-01   4.000E+00   5.914E-05    2.405E-07     0.000E+00      0.000E+00     0.000E+00     4.255E-03      1      1    -0.484      2        1    -0.018    0.000 
64.00   64.00   201.00   201.00   -5.000E-01   4.000E+00   2.820E-04    2.329E-07     0.000E+00      0.000E+00     0.000E+00     4.255E-03      1      1    -0.484      2        1    -0.018    0.000 
65.00   65.00   201.00   201.00   -5.000E-01   4.000E+00   6.117E-04    2.256E-07     0.000E+00      0.000E+00     0.000E+00     4.255E-03      1      1    -0.484      2        1    -0.018    0.000 
66.00   66.00   201.00   201.00   -5.000E-01   4.000E+00   1.024E-03    2.186E-07     0.000E+00      0.000E+00     0.000E+00     4.255E-03      1      1    -0.484      2        1    -0.018    0.000 
67.00   67.00   201.00   201.00   -5.000E-01   4.000E+00   1.498E-03    2.120E-07     0.000E+00      0.000E+00     0.000E+00     4.255E-03      1      1    -0.484      2        1    -0.018    0.000 
68.00   68.00   201.00   201.00   -5.000E-01   4.000E+00   2.015E-03    2.056E-07     0.000E+00      0.000E+00     0.000E+00     4.255E-03      1      1    -0.484      2        1    -0.017    0.000 
69.00   69.00   201.00   201.00   -5.000E-01   4.000E+00   2.554E-03    1.995E-07     0.000E+00      0.000E+00     0.000E+00     4.255E-03      1      1    -0.484      2        1    -0.017    0.000 
70.00   70.00   201.00   201.00   -5.000E-01   4.000E+00   3.092E-03    1.937E-07     0.000E+00      0.000E+00     0.000E+00     4.255E-03      1      1    -0.484      2        1    -0.017    0.000 
71.00   71.00   201.00   201.00   -5.000E-01   4.000E+00   3.613E-03    1.882E-07     0.000E+00      0.000E+00     0.000E+00     4.255E-03      1      1    -0.484      2        1    -0.017    0.000 
72.00   72.00   201.00   201.00   -5.000E-01   4.000E+00   4.087E-03    1.828E-07     0.000E+00      0.000E+00     0.000E+00     4.255E-03      1      1    -0.484      2        1    -0.017    0.000 
73.00   73.00   201.00   201.00   -5.000E-01   4.000E+00   4.486E-03    1.777E-07     0.000E+00      0.000E+00     0.000E+00     4.255E-03      1      1    -0.484      2        1    -0.017    0.000 
74.00   74.00   201.00   201.00   -5.000E-01   4.000E+00   4.768E-03    1.728E-07     0.000E+00      0.000E+00     0.000E+00     4.255E-03      1      1    -0.484      2        1    -0.017    0.000 
75.00   75.00   201.00   201.00   -5.000E-01   4.000E+00   4.891E-03    1.681E-07     0.000E+00      0.000E+00     0.000E+00     4.255E-03      1      1    -0.484      2        1    -0.017    0.000 
76.00   76.00   201.00   201.00   -5.000E-01   4.000E+00   4.807E-03    1.636E-07     0.000E+00      0.000E+00     0.000E+00     4.255E-03      1      1    -0.484      2        1    -0.017    0.000 
77.00   77.00   201.00   201.00   -5.000E-01   4.000E+00   4.495E-03    1.593E-07     0.000E+00      0.000E+00     0.000E+00     4.255E-03      1      1    -0.484      2        1    -0.016    0.000 
78.00   78.00   201.00   201.00   -5.000E-01   4.000E+00   3.934E-03    1.551E-07     0.000E+00      0.000E+00     0.000E+00     4.255E-03      1      1    -0.484      2        1    -0.016    0.000 
79.00   79.00   201.00   201.00   -5.000E-01   4.000E+00   3.271E-03    1.511E-07     0.000E+00      0.000E+00     0.000E+00     4.255E-03      1      1    -0.484      2        1    -0.016    0.000 
80.00   80.00   201.00   201.00   -5.000E-01   4.000E+00   2.623E-03    1.472E-07     0.000E+00      0.000E+00     0.000E+00     4.255E-03      1      1    -0.484      2        1    -0.016    0.000 
81.00   81.00   201.00   201.00   -5.000E-01   4.000E+00   2.240E-03    1.435E-07     0.000E+00      0.000E+00     0.000E+00     4.255E-03      1      1    -0.484      2        1    -0.016    0.000 
82.00   82.00   201.00   201.00   -5.000E-01   4.000E+00   2.112E-03    1.400E-07     0.000E+00      0.000E+00     0.000E+00     4.255E-03      1      1    -0.484      2        1    -0.016    0.000 
83.00   83.00   201.00   201.00   -5.000E-01   4.000E+00   2.117E-03    1.365E-07     0.000E+00      0.000E+00     0.000E+00     4.255E-03      1      1    -0.484      2        1    -0.016    0.000 
84.00   84.00   201.00   201.00   -5.000E-01   4.000E+00   2.193E-03    1.332E-07     0.000E+00      0.000E+00     0.000E+00     4.255E-03      1      1    -0.484      2        1    -0.016    0.000 
85.00   85.00   201.00   201.00   -5.000E-01   4.000E+00   2.309E-03    1.300E-07     0.000E+00      0.000E+00     0.000E+00     4.255E-03      1      1    -0.484      2        1    -0.015    0.000 
86.00   86.00   201.00   201.00   -5.000E-01   4.000E+00   2.480E-03    1.269E-07     0.000E+00      0.000E+00     0.000E+00     4.255E-03      1      1    -0.484      2        1    -0.015    0.000 
87.00   87.00   201.00   201.00   -5.000E-01   4.000E+00   2.678E-03    1.239E-07     0.000E+00      0.000E+00     0.000E+00     4.255E-03      1      1    -0.484      2        1    -0.015    0.000 
88.00   88.00   201.00   201.00   -5.000E-01   4.000E+00   2.894E-03    1.210E-07     0.000E+00      0.000E+00     0.000E+00     4.255E-03      1      1    -0.484      2        1    -0.015    0.000 
89.00   89.00   201.00   201.00   -5.000E-01   4.000E+00   3.127E-03    1.182E-07     0.000E+00      0.000E+00     0.000E+00     4.255E-03      1      1    -0.484      2        1    -0.015    0.000 
90.00   90.00   201.00   201.00   -5.000E-01   4.000E+00   3.356E-03    1.155E-07     0.000E+00      0.000E+00     0.000E+00     4.255E-03      1      1    -0.484      2        1    -0.015    0.000 
91.00   91.00   201.00   201.00   -5.000E-01   4.000E+00   3.585E-03    1.129E-07     0.000E+00      0.000E+00     0.000E+00     4.255E-03      1      1    -0.484      2        1    -0.015    0.000 
92.00   92.00   201.00   201.00   -5.000E-01   4.000E+00   3.847E-03    1.104E-07     0.000E+00      0.000E+00     0.000E+00     4.255E-03      1      1    -0.484      2        1    -0.015    0.000 
93.00   93.00   201.00   201.00   -5.000E-01   4.000E+00   4.169E-03    1.080E-07     0.000E+00      0.000E+00     0.000E+00     4.255E-03      1      1    -0.484      2        1    -0.014    0.000 
94.00   94.00   201.00   201.00   -5.000E-01   4.000E+00   4.556E-03    1.056E-07     0.000E+00      0.000E+00     0.000E+00     4.255E-03      1      1    -0.484      2        1    -0.014    0.000 
95.00   95.00   201.00   201.00   -5.000E-01   4.000E+00   5.006E-03    1.033E-07     0.000E+00      0.000E+00     0.000E+00     4.255E-03      1      1    -0.484      2        1    -0.014    0.000 
96.00   96.00   201.00   201.00   -5.000E-01   4.000E+00   5.520E-03    1.011E-07     0.000E+00      0.000E+00     0.000E+00     4.255E-03      1      1    -0.484      2        1    -0.014    0.000 
97.00   97.00   201.00   201.00   -5.000E-01   4.000E+00   6.134E-03    9.898E-08     0.000E+00      0.000E+00     0.000E+00     4.255E-03      1      1    -0.484      2        1    -0.014    0.000 
98.00   98.00   201.00   201.00   -5.000E-01   4.000E+00   6.793E-03    9.691E-08     0.000E+00      0.000E+00     0.000E+00     4.255E-03      1      1    -0.484      2        1    -0.014    0.000 
99.00   99.00   201.00   201.00   -5.000E-01   4.000E+00   7.522E-03    9.490E-08     0.000E+00      0.000E+00     0.000E+00     4.255E-03      1      1    -0.484      2        1    -0.014    0.000 
100.00   100.00   201.00   201.00   -5.000E-01   4.000E+00   8.320E-03    9.295E-08     0.000E+00      0.000E+00     0.000E+00     4.255E-03      1      1    -0.484      2        1    -0.014    0.000 
101.00   101.00   201.00   201.00   -5.000E-01   4.000E+00   9.185E-03    9.106E-08     0.000E+00      0.000E+00     0.000E+00     4.255E-03      1      1    -0.484      2        1    -0.013    0.000 
102.00   102.00   201.00   201.00   -5.000E-01   4.000E+00   1.011E-02    8.923E-08     0.000E+00      0.000E+00     0.000E+00     4.255E-03      1      1    -0.484      2        1    -0.013    0.000 
103.00   103.00   201.00   201.00   -5.000E-01   4.000E+00   1.109E-02    8.745E-08     0.000E+00      0.000E+00     0.000E+00     4.255E-03      1      1    -0.484      2        1    -0.013    0.000 
104.00   104.00   201.00   201.00   -5.000E-01   4.000E+00   1.209E-02    8.573E-08     0.000E+00      0.000E+00     0.000E+00     4.255E-03      1      1    -0.484      2        1    -0.013    0.000 
105.00   105.00   201.00   201.00   -5.000E-01   4.000E+00   1.312E-02    8.405E-08     0.000E+00      0.000E+00     0.000E+00     4.255E-03      1      1    -0.484      2        1    -0.013    0.000 
106.00   106.00   201.00   201.00   -5.000E-01   4.000E+00   1.412E-02    8.243E-08     0.000E+00      0.000E+00     0.000E+00     4.255E-03      1      1    -0.484      2        1    -0.013    0.000 
107.00   107.00   201.00   201.00   -5.000E-01   4.000E+00   1.507E-02    8.085E-08     0.000E+00      0.000E+00     0.000E+00     4.255E-03      1      1    -0.484      2        1    -0.013    0.000 
108.00   108.00   201.00   201.00   -5.000E-01   4.000E+00   1.594E-02    7.931E-08     0.000E+00      0.000E+00     0.000E+00     4.255E-03      1      1    -0.484      2        1    -0.013    0.000 
109.00   109.00   201.00   201.00   -5.000E-01   4.000E+00   1.669E-02    7.782E-08     0.000E+00      0.000E+00     0.000E+00     4.255E-03      1      1    -0.484      2        1    -0.012    0.000 
110.00   110.00   201.00   201.00   -5.000E-01   4.000E+00   1.725E-02    7.637E-08     0.000E+00      0.000E+00     0.000E+00     4.255E-03      1      1    -0.484      2        1    -0.012    0.000 
111.00   111.00   201.00   201.00   -5.000E-01   4.000E+00   1.750E-02    7.495E-08     0.000E+00      0.000E+00     0.000E+00     4.255E-03      1      1    -0.484      2        1    -0.012    0.000 
112.00   112.00   201.00   201.00   -5.000E-01   4.000E+00   1.748E-02    7.358E-08     0.000E+00      0.000E+00     0.000E+00     4.255E-03      1      1    -0.484      2        1    -0.012    0.000 
113.00   113.00   201.00   201.00   -5.000E-01   4.000E+00   1.719E-02    7.224E-08     0.000E+00      0.000E+00     0.000E+00     4.255E-03      1      1    -0.484      2        1    -0.012    0.000 
114.00   114.00   201.00   201.00   -5.000E-01   4.000E+00   1.652E-02    7.094E-08     0.000E+00      0.000E+00     0.000E+00     4.255E-03      1      1    -0.484      2        1    -0.012    0.000 
115.00   115.00   201.00   201.00   -5.000E-01   4.000E+00   1.544E-02    6.968E-08     0.000E+00      0.000E+00     0.000E+00     4.255E-03      1      1    -0.484      2        1    -0.012    0.000 
116.00   116.00   201.00   201.00   -5.000E-01   4.000E+00   1.396E-02    6.844E-08     0.000E+00      0.000E+00     0.000E+00     4.255E-03      1      1    -0.484      2        1    -0.011    0.000 
117.00   117.00   201.00   201.00   -5.000E-01   4.000E+00   1.214E-02    6.724E-08     0.000E+00      0.000E+00     0.000E+00     4.255E-03      1      1    -0.484      2        1    -0.011    0.000 
118.00   118.00   201.00   201.00   -5.000E-01   4.000E+00   1.011E-02    6.607E-08     0.000E+00      0.000E+00     0.000E+00     4.255E-03      1      1    -0.484      2        1    -0.011    0.000 
119.00   119.00   201.00   201.00   -5.000E-01   4.000E+00   8.037E-03    6.493E-08     0.000E+00      0.000E+00     0.000E+00     4.255E-03      1      1    -0.484      2        1    -0.011    0.000 
120.00   120.00   201.00   201.00   -5.000E-01   4.000E+00   6.091E-03    6.382E-08     0.000E+00      0.000E+00     0.000E+00     4.255E-03      1      1    -0.484      2        1    -0.011    0.000 
121.00   121.00   201.00   201.00   -5.000E-01   4.000E+00   4.407E-03    6.274E-08     0.000E+00      0.000E+00     0.000E+00     4.255E-03      1      1    -0.484      2        1    -0.011    0.000 
122.00   122.00   201.00   201.00   -5.000E-01   4.000E+00   3.051E-03    6.168E-08     0.000E+00      0.000E+00     0.000E+00     4.255E-03      1      1    -0.484      2        1    -0.011    0.000 
123.00   123.00   201.00   201.00   -5.000E-01   4.000E+00   1.795E-03    6.065E-08     0.000E+00      0.000E+00     0.000E+00     4.255E-03      1      1    -0.484      2        1    -0.011    0.000 
124.00   124.00   201.00   201.00   -5.000E-01   4.000E+00   1.281E-03    5.965E-08     0.000E+00      0.000E+00     0.000E+00     4.255E-03      1      1    -0.484      2        1    -0.010    0.000 
125.00   125.00   201.00   201.00   -5.000E-01   4.000E+00   7.587E-04    5.867E-08     0.000E+00      0.000E+00     0.000E+00     4.255E-03      1      1    -0.484      2        1    -0.010    0.000 
126.00   126.00   201.00   201.00   -5.000E-01   4.000E+00   5.893E-04    5.771E-08     0.000E+00      0.000E+00     0.000E+00     4.255E-03      1      1    -0.484      2        1    -0.010    0.000 
127.00   127.00   201.00   201.00   -5.000E-01   4.000E+00   5.270E-04    5.678E-08     0.000E+00      0.000E+00     0.000E+00     4.255E-03      1      1    -0.484      2        1    -0.010    0.000 
128.00   128.00   201.00   201.00   -5.000E-01   4.000E+00   4.946E-04    5.587E-08     0.000E+00      0.000E+00     0.000E+00     4.255E-03      1      1    -0.484      2        1    -0.010    0.000 
129.00   129.00   201.00   201.00   -5.000E-01   4.000E+00   4.763E-04    5.498E-08     0.000E+00      0.000E+00     0.000E+00     4.255E-03      1      1    -0.484      2        1    -0.010    0.000 
130.00   130.00   201.00   201.00   -5.000E-01   4.000E+00   4.660E-04    5.411E-08     0.000E+00      0.000E+00     0.000E+00     4.255E-03      1      1    -0.484      2        1    -0.010    0.000 
131.00   131.00   201.00   201.00   -5.000E-01   4.000E+00   4.610E-04    5.326E-08     0.000E+00      0.000E+00     0.000E+00     4.255E-03      1      1    -0.484      2        1    -0.009    0.000 
132.00   132.00   201.00   201.00   -5.000E-01   4.000E+00   4.596E-04    5.244E-08     0.000E+00      0.000E+00     0.000E+00     4.255E-03      1      1    -0.484      2        1    -0.009    0.000 
133.00   133.00   201.00   201.00   -5.000E-01   4.000E+00   4.609E-04    5.163E-08     0.000E+00      0.000E+00     0.000E+00     4.255E-03      1      1    -0.484      2        1    -0.009    0.000 
134.00   134.00   201.00   201.00   -5.000E-01   4.000E+00   4.642E-04    5.083E-08     0.000E+00      0.000E+00     0.000E+00     4.255E-03      1      1    -0.484      2        1    -0.009    0.000 
135.00   135.00   201.00   201.00   -5.000E-01   4.000E+00   4.691E-04    5.006E-08     0.000E+00      0.000E+00     0.000E+00     4.255E-03      1      1    -0.484      2        1    -0.009    0.000 
136.00   136.00   201.00   201.00   -5.000E-01   4.000E+00   4.753E-04    4.931E-08     0.000E+00      0.000E+00     0.000E+00     4.255E-03      1      1    -0.484      2        1    -0.009    0.000 
137.00   137.00   201.00   201.00   -5.000E-01   4.000E+00   4.826E-04    4.857E-08     0.000E+00      0.000E+00     0.000E+00     4.255E-03      1      1    -0.484      2        1    -0.009    0.000 
138.00   138.00   201.00   201.00   -5.000E-01   4.000E+00   4.909E-04    4.784E-08     0.000E+00      0.000E+00     0.000E+00     4.255E-03      1      1    -0.484      2        1    -0.008    0.000 
139.00   139.00   201.00   201.00   -5.000E-01   4.000E+00   5.001E-04    4.714E-08     0.000E+00      0.000E+00     0.000E+00     4.255E-03      1      1    -0.484      2        1    -0.008    0.000 
140.00   140.00   201.00   201.00   -5.000E-01   4.000E+00   5.100E-04    4.645E-08     0.000E+00      0.000E+00     0.000E+00     4.255E-03      1      1    -0.484      2        1    -0.008    0.000 
141.00   141.00   201.00   201.00   -5.000E-01   4.000E+00   5.206E-04    4.577E-08     0.000E+00      0.000E+00     0.000E+00     4.255E-03      1      1    -0.484      2        1    -0.008    0.000 
142.00   142.00   201.00   201.00   -5.000E-01   4.000E+00   5.317E-04    4.511E-08     0.000E+00      0.000E+00     0.000E+00     4.255E-03      1      1    -0.484      2        1    -0.008    0.000 
143.00   143.00   201.00   201.00   -5.000E-01   4.000E+00   5.435E-04    4.446E-08     0.000E+00      0.000E+00     0.000E+00     4.255E-03      1      1    -0.484      2        1    -0.008    0.000 
144.00   144.00   201.00   201.00   -5.000E-01   4.000E+00   5.558E-04    4.382E-08     0.000E+00      0.000E+00     0.000E+00     4.255E-03      1      1    -0.484      2        1    -0.008    0.000 
145.00   145.00   201.00   201.00   -5.000E-01   4.000E+00   5.685E-04    4.320E-08     0.000E+00      0.000E+00     0.000E+00     4.255E-03      1      1    -0.484      2        1    -0.008    0.000 
146.00   146.00   201.00   201.00   -5.000E-01   4.000E+00   5.817E-04    4.260E-08     0.000E+00      0.000E+00     0.000E+00     4.255E-03      1      1    -0.484      2        1    -0.007    0.000 
147.00   147.00   201.00   201.00   -5.000E-01   4.000E+00   5.954E-04    4.149E-08     0.000E+00      0.000E+00     0.000E+00     4.255E-03      1      1    -0.484      2        1    -0.007    0.000 
148.00   148.00   201.00   201.00   -5.000E-01   4.000E+00   6.094E-04    4.092E-08     0.000E+00      0.000E+00     0.000E+00     4.255E-03      1      1    -0.484      2        1    -0.007    0.000 
149.00   149.00   201.00   201.00   -5.000E-01   4.000E+00   6.238E-04    4.037E-08     0.000E+00      0.000E+00     0.000E+00     4.255E-03      1      1    -0.484      2        1    -0.007    0.000 
150.00   150.00   201.00   201.00   -5.000E-01   4.000E+00   6.386E-04    3.983E-08     0.000E+00      0.000E+00     0.000E+00     4.255E-03      1      1    -0.484      2        1    -0.007    0.000 
151.00   151.00   201.00   201.00   -5.000E-01   4.000E+00   6.538E-04    3.930E-08     0.000E+00      0.000E+00     0.000E+00     4.255E-03      1      1    -0.484      2        1    -0.007    0.000 
152.00   152.00   201.00   201.00   -5.000E-01   4.000E+00   6.692E-04    3.878E-08     0.000E+00      0.000E+00     0.000E+00     4.255E-03      1      1    -0.484      2        1    -0.007    0.000 
153.00   153.00   201.00   201.00   -5.000E-01   4.000E+00   6.850E-04    3.827E-08     0.000E+00      0.000E+00     0.000E+00     4.255E-03      1      1    -0.484      2        1    -0.006    0.000 
154.00   154.00   201.00   201.00   -5.000E-01   4.000E+00   7.011E-04    3.777E-08     0.000E+00      0.000E+00     0.000E+00     4.255E-03      1      1    -0.484      2        1    -0.006    0.000 
155.00   155.00   201.00   201.00   -5.000E-01   4.000E+00   7.175E-04    3.728E-08     0.000E+00      0.000E+00     0.000E+00     4.255E-03      1      1    -0.484      2        1    -0.006    0.000 
156.00   156.00   201.00   201.00   -5.000E-01   4.000E+00   7.341E-04    3.680E-08     0.000E+00      0.000E+00     0.000E+00     4.255E-03      1      1    -0.484      2        1    -0.006    0.000 
157.00   157.00   201.00   201.00   -5.000E-01   4.000E+00   7.509E-04    3.633E-08     0.000E+00      0.000E+00     0.000E+00     4.255E-03      1      1    -0.484      2        1    -0.006    0.000 
158.00   158.00   201.00   201.00   -5.000E-01   4.000E+00   7.680E-04    3.586E-08     0.000E+00      0.000E+00     0.000E+00     4.255E-03      1      1    -0.484      2        1    -0.006    0.000 
159.00   159.00   201.00   201.00   -5.000E-01   4.000E+00   7.853E-04    3.541E-08     0.000E+00      0.000E+00     0.000E+00     4.255E-03      1      1    -0.484      2        1    -0.006    0.000 
160.00   160.00   201.00   201.00   -5.000E-01   4.000E+00   8.028E-04    3.496E-08     0.000E+00      0.000E+00     0.000E+00     4.255E-03      1      1    -0.484      2        1    -0.006    0.000 
161.00   161.00   201.00   201.00   -5.000E-01   4.000E+00   8.205E-04    3.453E-08     0.000E+00      0.000E+00     0.000E+00     4.255E-03      1      1    -0.484      2        1    -0.005    0.000 
162.00   162.00   201.00   201.00   -5.000E-01   4.000E+00   8.382E-04    3.410E-08     0.000E+00      0.000E+00     0.000E+00     4.255E-03      1      1    -0.484      2        1    -0.005    0.000 
163.00   163.00   201.00   201.00   -5.000E-01   4.000E+00   8.562E-04    3.368E-08     0.000E+00      0.000E+00     0.000E+00     4.255E-03      1      1    -0.484      2        1    -0.005    0.000 
164.00   164.00   201.00   201.00   -5.000E-01   4.000E+00   8.742E-04    3.326E-08     0.000E+00      0.000E+00     0.000E+00     4.255E-03      1      1    -0.484      2        1    -0.005    0.000 
165.00   165.00   201.00   201.00   -5.000E-01   4.000E+00   8.923E-04    3.286E-08     0.000E+00      0.000E+00     0.000E+00     4.255E-03      1      1    -0.484      2        1    -0.005    0.000 
166.00   166.00   201.00   201.00   -5.000E-01   4.000E+00   9.105E-04    3.246E-08     0.000E+00      0.000E+00     0.000E+00     4.255E-03      1      1    -0.484      2        1    -0.005    0.000 
167.00   167.00   201.00   201.00   -5.000E-01   4.000E+00   9.288E-04    3.207E-08     0.000E+00      0.000E+00     0.000E+00     4.255E-03      1      1    -0.484      2        1    -0.005    0.000 
168.00   168.00   201.00   201.00   -5.000E-01   4.000E+00   9.471E-04    3.168E-08     0.000E+00      0.000E+00     0.000E+00     4.255E-03      1      1    -0.484      2        1    -0.004    0.000 
169.00   169.00   201.00   201.00   -5.000E-01   4.000E+00   9.655E-04    3.130E-08     0.000E+00      0.000E+00     0.000E+00     4.255E-03      1      1    -0.484      2        1    -0.004    0.000 
170.00   170.00   201.00   201.00   -5.000E-01   4.000E+00   9.837E-04    3.076E-08     0.000E+00      0.000E+00     0.000E+00     4.255E-03      1      1    -0.484      2        1    -0.004    0.000 
171.00   171.00   201.00   201.00   -5.000E-01   4.000E+00   1.002E-03    3.040E-08     0.000E+00      0.000E+00     0.000E+00     4.255E-03      1      1    -0.484      2        1    -0.004    0.000 
172.00   172.00   201.00   201.00   -5.000E-01   4.000E+00   9.662E-04    3.005E-08     0.000E+00      0.000E+00     0.000E+00     4.255E-03      1      1    -0.484      2        1    -0.004    0.000 
173.00   173.00   201.00   201.00   -5.000E-01   4.000E+00   9.840E-04    2.971E-08     0.000E+00      0.000E+00     0.000E+00     4.255E-03      1      1    -0.484      2        1    -0.004    0.000 
174.00   174.00   201.00   201.00   -5.000E-01   4.000E+00   1.002E-03    2.937E-08     0.000E+00      0.000E+00     0.000E+00     4.255E-03      1      1    -0.484      2        1    -0.004    0.000 
175.00   175.00   201.00   201.00   -5.000E-01   4.000E+00   1.020E-03    2.904E-08     0.000E+00      0.000E+00     0.000E+00     4.255E-03      1      1    -0.484      2        1    -0.003    0.000 
176.00   176.00   201.00   201.00   -5.000E-01   4.000E+00   1.038E-03    2.871E-08     0.000E+00      0.000E+00     0.000E+00     4.255E-03      1      1    -0.484      2        1    -0.003    0.000 
177.00   177.00   201.00   201.00   -5.000E-01   4.000E+00   1.057E-03    2.839E-08     0.000E+00      0.000E+00     0.000E+00     4.255E-03      1      1    -0.484      2        1    -0.003    0.000 
178.00   178.00   201.00   201.00   -5.000E-01   4.000E+00   1.077E-03    2.807E-08     0.000E+00      0.000E+00     0.000E+00     4.255E-03      1      1    -0.484      2        1    -0.003    0.000 
179.00   179.00   201.00   201.00   -5.000E-01   4.000E+00   1.098E-03    2.776E-08     0.000E+00      0.000E+00     0.000E+00     4.255E-03      1      1    -0.484      2        1    -0.003    0.000 
180.00   180.00   201.00   201.00   -5.000E-01   4.000E+00   1.119E-03    2.745E-08     0.000E+00      0.000E+00     0.000E+00     4.255E-03      1      1    -0.484      2        1    -0.003    0.000 
181.00   181.00   201.00   201.00   -5.000E-01   4.000E+00   1.143E-03    2.715E-08     0.000E+00      0.000E+00     0.000E+00     4.255E-03      1      1    -0.484      2        1    -0.003    0.000 
182.00   182.00   201.00   201.00   -5.000E-01   4.000E+00   1.168E-03    2.686E-08     0.000E+00      0.000E+00     0.000E+00     4.255E-03      1      1    -0.484      2        1    -0.003    0.000 
183.00   183.00   201.00   201.00   -5.000E-01   4.000E+00   1.196E-03    2.657E-08     0.000E+00      0.000E+00     0.000E+00     4.255E-03      1      1    -0.484      2        1    -0.002    0.000 
184.00   184.00   201.00   201.00   -5.000E-01   4.000E+00   1.226E-03    2.628E-08     0.000E+00      0.000E+00     0.000E+00     4.255E-03      1      1    -0.484      2        1    -0.002    0.000 
185.00   185.00   201.00   201.00   -5.000E-01   4.000E+00   1.260E-03    2.600E-08     0.000E+00      0.000E+00     0.000E+00     4.255E-03      1      1    -0.484      2        1    -0.002    0.000 
186.00   186.00   201.00   201.00   -5.000E-01   4.000E+00   1.298E-03    2.572E-08     0.000E+00      0.000E+00     0.000E+00     4.255E-03      1      1    -0.484      2        1    -0.002    0.000 
187.00   187.00   201.00   201.00   -5.000E-01   4.000E+00   1.341E-03    2.545E-08     0.000E+00      0.000E+00     0.000E+00     4.255E-03      1      1    -0.484      2        1    -0.002    0.000 
188.00   188.00   201.00   201.00   -5.000E-01   4.000E+00   1.390E-03    2.518E-08     0.000E+00      0.000E+00     0.000E+00     4.255E-03      1      1    -0.484      2        1    -0.002    0.000 
189.00   189.00   201.00   201.00   -5.000E-01   4.000E+00   1.445E-03    2.491E-08     0.000E+00      0.000E+00     0.000E+00     4.255E-03      1      1    -0.484      2        1    -0.002    0.000 
190.00   190.00   201.00   201.00   -5.000E-01   4.000E+00   1.509E-03    2.465E-08     0.000E+00      0.000E+00     0.000E+00     4.255E-03      1      1    -0.484      2        1    -0.001    0.000 
191.00   191.00   201.00   201.00   -5.000E-01   4.000E+00   1.583E-03    2.440E-08     0.000E+00      0.000E+00     0.000E+00     4.255E-03      1      1    -0.484      2        1    -0.001    0.000 
192.00   192.00   201.00   201.00   -5.000E-01   4.000E+00   1.670E-03    2.415E-08     0.000E+00      0.000E+00     0.000E+00     4.255E-03      1      1    -0.484      2        1    -0.001    0.000 
193.00   193.00   201.00   201.00   -5.000E-01   4.000E+00   1.772E-03    2.390E-08     0.000E+00      0.000E+00     0.000E+00     4.255E-03      1      1    -0.484      2        1    -0.001    0.000 
194.00   194.00   201.00   201.00   -5.000E-01   4.000E+00   1.893E-03    2.365E-08     0.000E+00      0.000E+00     0.000E+00     4.255E-03      1      1    -0.484      2        1    -0.001    0.000 
195.00   195.00   201.00   201.00   -5.000E-01   4.000E+00   2.037E-03    2.341E-08     0.000E+00      0.000E+00     0.000E+00     4.255E-03      1      1    -0.484      2        1    -0.001    0.000 
196.00   196.00   201.00   201.00   -5.000E-01   4.000E+00   2.213E-03    2.317E-08     0.000E+00      0.000E+00     0.000E+00     4.255E-03      1      1    -0.484      2        1    -0.001    0.000 
197.00   197.00   201.00   201.00   -5.000E-01   4.000E+00   2.430E-03    2.294E-08     0.000E+00      0.000E+00     0.000E+00     4.255E-03      1      1    -0.484      2        1    -0.001    0.000 
198.00   198.00   201.00   201.00   -5.000E-01   4.000E+00   2.702E-03    2.271E-08     0.000E+00      0.000E+00     0.000E+00     4.255E-03      1      1    -0.484      2        1    -0.000    0.000 
199.00   199.00   201.00   201.00   -5.000E-01   4.000E+00   3.050E-03    2.248E-08     0.000E+00      0.000E+00     0.000E+00     4.255E-03      1      1    -0.484      2        1    -0.001    0.000 
200.00   200.00   201.00   201.00   -5.000E-01   4.000E+00   3.661E-03    2.226E-08     0.000E+00      0.000E+00     0.000E+00     4.255E-03      1      1    -0.484      2        1    -0.001    0.000 
