 MDM      Mh1     Mh2      Mhc      ld345        ld         Omega       protonSI     Br(H->h1h1)    Br(H->h2h2)   Br(H->h-h+)     Width_H      HB     HS      R      v_stab     LEP    S        T   
10.00   10.00   201.00   201.00   2.000E-01   1.500E-01   3.976E-01    1.604E-06     9.774E-01      0.000E+00     0.000E+00     1.885E-01      0      0    1.000      3        1    -0.022    0.000 
11.00   11.00   201.00   201.00   2.000E-01   1.500E-01   3.780E-01    1.329E-06     9.774E-01      0.000E+00     0.000E+00     1.880E-01      0      0    1.000      3        1    -0.022    0.000 
12.00   12.00   201.00   201.00   2.000E-01   1.500E-01   3.637E-01    1.118E-06     9.773E-01      0.000E+00     0.000E+00     1.875E-01      0      0    1.000      3        1    -0.022    0.000 
13.00   13.00   201.00   201.00   2.000E-01   1.500E-01   3.526E-01    9.534E-07     9.772E-01      0.000E+00     0.000E+00     1.869E-01      0      0    1.000      3        1    -0.022    0.000 
14.00   14.00   201.00   201.00   2.000E-01   1.500E-01   3.434E-01    8.222E-07     9.771E-01      0.000E+00     0.000E+00     1.862E-01      0      0    1.000      3        1    -0.022    0.000 
15.00   15.00   201.00   201.00   2.000E-01   1.500E-01   3.354E-01    7.161E-07     9.771E-01      0.000E+00     0.000E+00     1.855E-01      0      0    1.000      3        1    -0.022    0.000 
16.00   16.00   201.00   201.00   2.000E-01   1.500E-01   3.281E-01    6.290E-07     9.770E-01      0.000E+00     0.000E+00     1.847E-01      0      0    1.000      3        1    -0.022    0.000 
17.00   17.00   201.00   201.00   2.000E-01   1.500E-01   3.212E-01    5.568E-07     9.769E-01      0.000E+00     0.000E+00     1.839E-01      0      0    1.000      3        1    -0.022    0.000 
18.00   18.00   201.00   201.00   2.000E-01   1.500E-01   3.145E-01    4.962E-07     9.768E-01      0.000E+00     0.000E+00     1.830E-01      0      0    1.000      3        1    -0.022    0.000 
19.00   19.00   201.00   201.00   2.000E-01   1.500E-01   3.079E-01    4.449E-07     9.766E-01      0.000E+00     0.000E+00     1.821E-01      0      0    1.000      3        1    -0.022    0.000 
20.00   20.00   201.00   201.00   2.000E-01   1.500E-01   3.013E-01    4.010E-07     9.765E-01      0.000E+00     0.000E+00     1.811E-01      0      0    1.000      3        1    -0.022    0.000 
21.00   21.00   201.00   201.00   2.000E-01   1.500E-01   2.946E-01    3.633E-07     9.764E-01      0.000E+00     0.000E+00     1.801E-01      0      0    1.000      3        1    -0.022    0.000 
22.00   22.00   201.00   201.00   2.000E-01   1.500E-01   2.877E-01    3.306E-07     9.762E-01      0.000E+00     0.000E+00     1.790E-01      0      0    1.000      3        1    -0.022    0.000 
23.00   23.00   201.00   201.00   2.000E-01   1.500E-01   2.806E-01    3.021E-07     9.761E-01      0.000E+00     0.000E+00     1.778E-01      0      0    1.000      3        1    -0.021    0.000 
24.00   24.00   201.00   201.00   2.000E-01   1.500E-01   2.734E-01    2.771E-07     9.759E-01      0.000E+00     0.000E+00     1.766E-01      0      0    1.000      3        1    -0.021    0.000 
25.00   25.00   201.00   201.00   2.000E-01   1.500E-01   2.659E-01    2.550E-07     9.757E-01      0.000E+00     0.000E+00     1.753E-01      0      0    1.000      3        1    -0.021    0.000 
26.00   26.00   201.00   201.00   2.000E-01   1.500E-01   2.582E-01    2.355E-07     9.756E-01      0.000E+00     0.000E+00     1.740E-01      0      0    1.000      3        1    -0.021    0.000 
27.00   27.00   201.00   201.00   2.000E-01   1.500E-01   2.504E-01    2.180E-07     9.754E-01      0.000E+00     0.000E+00     1.726E-01      0      0    1.000      3        1    -0.021    0.000 
28.00   28.00   201.00   201.00   2.000E-01   1.500E-01   2.423E-01    2.025E-07     9.751E-01      0.000E+00     0.000E+00     1.712E-01      0      0    1.000      3        1    -0.021    0.000 
29.00   29.00   201.00   201.00   2.000E-01   1.500E-01   2.340E-01    1.885E-07     9.749E-01      0.000E+00     0.000E+00     1.696E-01      0      0    1.000      3        1    -0.021    0.000 
30.00   30.00   201.00   201.00   2.000E-01   1.500E-01   2.255E-01    1.759E-07     9.747E-01      0.000E+00     0.000E+00     1.680E-01      0      0    1.000      3        1    -0.021    0.000 
31.00   31.00   201.00   201.00   2.000E-01   1.500E-01   2.168E-01    1.645E-07     9.744E-01      0.000E+00     0.000E+00     1.664E-01      0      0    1.000      3        1    -0.021    0.000 
32.00   32.00   201.00   201.00   2.000E-01   1.500E-01   2.080E-01    1.542E-07     9.742E-01      0.000E+00     0.000E+00     1.646E-01      0      0    1.000      3        1    -0.021    0.000 
33.00   33.00   201.00   201.00   2.000E-01   1.500E-01   1.991E-01    1.448E-07     9.739E-01      0.000E+00     0.000E+00     1.628E-01      0      0    1.000      3        1    -0.021    0.000 
34.00   34.00   201.00   201.00   2.000E-01   1.500E-01   1.900E-01    1.362E-07     9.736E-01      0.000E+00     0.000E+00     1.609E-01      0      0    1.000      3        1    -0.021    0.000 
35.00   35.00   201.00   201.00   2.000E-01   1.500E-01   1.808E-01    1.284E-07     9.732E-01      0.000E+00     0.000E+00     1.589E-01      0      0    1.000      3        1    -0.021    0.000 
36.00   36.00   201.00   201.00   2.000E-01   1.500E-01   1.715E-01    1.212E-07     9.729E-01      0.000E+00     0.000E+00     1.569E-01      0      0    1.000      3        1    -0.021    0.000 
37.00   37.00   201.00   201.00   2.000E-01   1.500E-01   1.622E-01    1.146E-07     9.725E-01      0.000E+00     0.000E+00     1.547E-01      0      0    1.000      3        1    -0.021    0.000 
38.00   38.00   201.00   201.00   2.000E-01   1.500E-01   1.528E-01    1.085E-07     9.721E-01      0.000E+00     0.000E+00     1.525E-01      0      0    1.000      3        1    -0.020    0.000 
39.00   39.00   201.00   201.00   2.000E-01   1.500E-01   1.434E-01    1.029E-07     9.717E-01      0.000E+00     0.000E+00     1.501E-01      0      0    1.000      3        1    -0.020    0.000 
40.00   40.00   201.00   201.00   2.000E-01   1.500E-01   1.341E-01    9.771E-08     9.712E-01      0.000E+00     0.000E+00     1.477E-01      0      0    1.000      3        1    -0.020    0.000 
41.00   41.00   201.00   201.00   2.000E-01   1.500E-01   1.248E-01    9.289E-08     9.707E-01      0.000E+00     0.000E+00     1.452E-01      0      0    1.000      3        1    -0.020    0.000 
42.00   42.00   201.00   201.00   2.000E-01   1.500E-01   1.155E-01    8.842E-08     9.701E-01      0.000E+00     0.000E+00     1.425E-01      0      0    1.000      3        1    -0.020    0.000 
43.00   43.00   201.00   201.00   2.000E-01   1.500E-01   1.064E-01    8.425E-08     9.696E-01      0.000E+00     0.000E+00     1.397E-01      0      0    1.000      3        1    -0.020    0.000 
44.00   44.00   201.00   201.00   2.000E-01   1.500E-01   9.734E-02    8.038E-08     9.689E-01      0.000E+00     0.000E+00     1.368E-01      0      0    1.000      3        1    -0.020    0.000 
45.00   45.00   201.00   201.00   2.000E-01   1.500E-01   8.847E-02    7.676E-08     9.682E-01      0.000E+00     0.000E+00     1.338E-01      0      0    1.000      3        1    -0.020    0.000 
46.00   46.00   201.00   201.00   2.000E-01   1.500E-01   7.979E-02    7.338E-08     9.674E-01      0.000E+00     0.000E+00     1.306E-01      0      0    1.000      3        1    -0.020    0.000 
47.00   47.00   201.00   201.00   2.000E-01   1.500E-01   7.126E-02    7.021E-08     9.666E-01      0.000E+00     0.000E+00     1.273E-01      0      0    1.000      3        1    -0.020    0.000 
48.00   48.00   201.00   201.00   2.000E-01   1.500E-01   6.253E-02    6.725E-08     9.656E-01      0.000E+00     0.000E+00     1.238E-01      0      0    1.000      3        1    -0.020    0.000 
49.00   49.00   201.00   201.00   2.000E-01   1.500E-01   5.355E-02    6.446E-08     9.646E-01      0.000E+00     0.000E+00     1.201E-01      0      0    1.000      3        1    -0.019    0.000 
50.00   50.00   201.00   201.00   2.000E-01   1.500E-01   4.462E-02    6.185E-08     9.634E-01      0.000E+00     0.000E+00     1.163E-01      0      0    1.000      3        1    -0.019    0.000 
51.00   51.00   201.00   201.00   2.000E-01   1.500E-01   3.470E-02    5.939E-08     9.621E-01      0.000E+00     0.000E+00     1.122E-01      0      0    1.000      3        1    -0.019    0.000 
52.00   52.00   201.00   201.00   2.000E-01   1.500E-01   2.490E-02    5.707E-08     9.605E-01      0.000E+00     0.000E+00     1.078E-01      0      0    1.000      3        1    -0.019    0.000 
53.00   53.00   201.00   201.00   2.000E-01   1.500E-01   1.606E-02    5.488E-08     9.588E-01      0.000E+00     0.000E+00     1.032E-01      0      0    1.000      3        1    -0.019    0.000 
54.00   54.00   201.00   201.00   2.000E-01   1.500E-01   9.178E-03    5.281E-08     9.567E-01      0.000E+00     0.000E+00     9.825E-02      0      0    1.000      3        1    -0.019    0.000 
55.00   55.00   201.00   201.00   2.000E-01   1.500E-01   4.648E-03    5.086E-08     9.542E-01      0.000E+00     0.000E+00     9.292E-02      0      0    1.000      3        1    -0.019    0.000 
56.00   56.00   201.00   201.00   2.000E-01   1.500E-01   2.116E-03    4.902E-08     9.512E-01      0.000E+00     0.000E+00     8.715E-02      0      0    1.000      3        1    -0.019    0.000 
57.00   57.00   201.00   201.00   2.000E-01   1.500E-01   8.787E-04    4.727E-08     9.474E-01      0.000E+00     0.000E+00     8.083E-02      0      0    1.000      3        1    -0.019    0.000 
58.00   58.00   201.00   201.00   2.000E-01   1.500E-01   3.354E-04    4.561E-08     9.424E-01      0.000E+00     0.000E+00     7.381E-02      0      0    1.000      3        1    -0.019    0.000 
59.00   59.00   201.00   201.00   2.000E-01   1.500E-01   1.174E-04    4.404E-08     9.354E-01      0.000E+00     0.000E+00     6.585E-02      0      0    1.000      3        1    -0.018    0.000 
60.00   60.00   201.00   201.00   2.000E-01   1.500E-01   3.688E-05    4.254E-08     9.247E-01      0.000E+00     0.000E+00     5.652E-02      0      0    1.000      3        1    -0.018    0.000 
61.00   61.00   201.00   201.00   2.000E-01   1.500E-01   9.781E-06    4.112E-08     9.053E-01      0.000E+00     0.000E+00     4.491E-02      0      0    1.000      3        1    -0.018    0.000 
62.00   62.00   201.00   201.00   2.000E-01   1.500E-01   1.681E-06    3.977E-08     8.471E-01      0.000E+00     0.000E+00     2.782E-02      0      0    1.000      3        1    -0.018    0.000 
63.00   63.00   201.00   201.00   2.000E-01   1.500E-01   3.520E-04    3.849E-08     0.000E+00      0.000E+00     0.000E+00     4.255E-03      1      1    1.000      3        1    -0.018    0.000 
64.00   64.00   201.00   201.00   2.000E-01   1.500E-01   1.566E-03    3.726E-08     0.000E+00      0.000E+00     0.000E+00     4.255E-03      1      1    1.000      3        1    -0.018    0.000 
65.00   65.00   201.00   201.00   2.000E-01   1.500E-01   3.184E-03    3.609E-08     0.000E+00      0.000E+00     0.000E+00     4.255E-03      1      1    1.000      3        1    -0.018    0.000 
66.00   66.00   201.00   201.00   2.000E-01   1.500E-01   4.953E-03    3.498E-08     0.000E+00      0.000E+00     0.000E+00     4.255E-03      1      1    1.000      3        1    -0.018    0.000 
67.00   67.00   201.00   201.00   2.000E-01   1.500E-01   6.669E-03    3.392E-08     0.000E+00      0.000E+00     0.000E+00     4.255E-03      1      1    1.000      3        1    -0.018    0.000 
68.00   68.00   201.00   201.00   2.000E-01   1.500E-01   8.170E-03    3.290E-08     0.000E+00      0.000E+00     0.000E+00     4.255E-03      1      1    1.000      3        1    -0.017    0.000 
69.00   69.00   201.00   201.00   2.000E-01   1.500E-01   9.330E-03    3.193E-08     0.000E+00      0.000E+00     0.000E+00     4.255E-03      1      1    1.000      3        1    -0.017    0.000 
70.00   70.00   201.00   201.00   2.000E-01   1.500E-01   1.011E-02    3.100E-08     0.000E+00      0.000E+00     0.000E+00     4.255E-03      1      1    1.000      3        1    -0.017    0.000 
71.00   71.00   201.00   201.00   2.000E-01   1.500E-01   1.046E-02    3.011E-08     0.000E+00      0.000E+00     0.000E+00     4.255E-03      1      1    1.000      3        1    -0.017    0.000 
72.00   72.00   201.00   201.00   2.000E-01   1.500E-01   1.038E-02    2.925E-08     0.000E+00      0.000E+00     0.000E+00     4.255E-03      1      1    1.000      3        1    -0.017    0.000 
73.00   73.00   201.00   201.00   2.000E-01   1.500E-01   9.915E-03    2.844E-08     0.000E+00      0.000E+00     0.000E+00     4.255E-03      1      1    1.000      3        1    -0.017    0.000 
74.00   74.00   201.00   201.00   2.000E-01   1.500E-01   9.079E-03    2.765E-08     0.000E+00      0.000E+00     0.000E+00     4.255E-03      1      1    1.000      3        1    -0.017    0.000 
75.00   75.00   201.00   201.00   2.000E-01   1.500E-01   7.959E-03    2.690E-08     0.000E+00      0.000E+00     0.000E+00     4.255E-03      1      1    1.000      3        1    -0.017    0.000 
76.00   76.00   201.00   201.00   2.000E-01   1.500E-01   6.644E-03    2.618E-08     0.000E+00      0.000E+00     0.000E+00     4.255E-03      1      1    1.000      3        1    -0.017    0.000 
77.00   77.00   201.00   201.00   2.000E-01   1.500E-01   5.251E-03    2.548E-08     0.000E+00      0.000E+00     0.000E+00     4.255E-03      1      1    1.000      3        1    -0.016    0.000 
78.00   78.00   201.00   201.00   2.000E-01   1.500E-01   3.905E-03    2.482E-08     0.000E+00      0.000E+00     0.000E+00     4.255E-03      1      1    1.000      3        1    -0.016    0.000 
79.00   79.00   201.00   201.00   2.000E-01   1.500E-01   2.804E-03    2.418E-08     0.000E+00      0.000E+00     0.000E+00     4.255E-03      1      1    1.000      3        1    -0.016    0.000 
80.00   80.00   201.00   201.00   2.000E-01   1.500E-01   1.967E-03    2.356E-08     0.000E+00      0.000E+00     0.000E+00     4.255E-03      1      1    1.000      3        1    -0.016    0.000 
81.00   81.00   201.00   201.00   2.000E-01   1.500E-01   1.491E-03    2.297E-08     0.000E+00      0.000E+00     0.000E+00     4.255E-03      1      1    1.000      3        1    -0.016    0.000 
82.00   82.00   201.00   201.00   2.000E-01   1.500E-01   1.255E-03    2.239E-08     0.000E+00      0.000E+00     0.000E+00     4.255E-03      1      1    1.000      3        1    -0.016    0.000 
83.00   83.00   201.00   201.00   2.000E-01   1.500E-01   1.124E-03    2.184E-08     0.000E+00      0.000E+00     0.000E+00     4.255E-03      1      1    1.000      3        1    -0.016    0.000 
84.00   84.00   201.00   201.00   2.000E-01   1.500E-01   1.041E-03    2.131E-08     0.000E+00      0.000E+00     0.000E+00     4.255E-03      1      1    1.000      3        1    -0.016    0.000 
85.00   85.00   201.00   201.00   2.000E-01   1.500E-01   9.771E-04    2.079E-08     0.000E+00      0.000E+00     0.000E+00     4.255E-03      1      1    1.000      3        1    -0.015    0.000 
86.00   86.00   201.00   201.00   2.000E-01   1.500E-01   9.388E-04    2.030E-08     0.000E+00      0.000E+00     0.000E+00     4.255E-03      1      1    1.000      3        1    -0.015    0.000 
87.00   87.00   201.00   201.00   2.000E-01   1.500E-01   9.057E-04    1.982E-08     0.000E+00      0.000E+00     0.000E+00     4.255E-03      1      1    1.000      3        1    -0.015    0.000 
88.00   88.00   201.00   201.00   2.000E-01   1.500E-01   8.728E-04    1.936E-08     0.000E+00      0.000E+00     0.000E+00     4.255E-03      1      1    1.000      3        1    -0.015    0.000 
89.00   89.00   201.00   201.00   2.000E-01   1.500E-01   8.396E-04    1.891E-08     0.000E+00      0.000E+00     0.000E+00     4.255E-03      1      1    1.000      3        1    -0.015    0.000 
90.00   90.00   201.00   201.00   2.000E-01   1.500E-01   7.989E-04    1.848E-08     0.000E+00      0.000E+00     0.000E+00     4.255E-03      1      1    1.000      3        1    -0.015    0.000 
91.00   91.00   201.00   201.00   2.000E-01   1.500E-01   7.535E-04    1.807E-08     0.000E+00      0.000E+00     0.000E+00     4.255E-03      1      1    1.000      3        1    -0.015    0.000 
92.00   92.00   201.00   201.00   2.000E-01   1.500E-01   7.143E-04    1.766E-08     0.000E+00      0.000E+00     0.000E+00     4.255E-03      1      1    1.000      3        1    -0.015    0.000 
93.00   93.00   201.00   201.00   2.000E-01   1.500E-01   6.855E-04    1.727E-08     0.000E+00      0.000E+00     0.000E+00     4.255E-03      1      1    1.000      3        1    -0.014    0.000 
94.00   94.00   201.00   201.00   2.000E-01   1.500E-01   6.639E-04    1.690E-08     0.000E+00      0.000E+00     0.000E+00     4.255E-03      1      1    1.000      3        1    -0.014    0.000 
95.00   95.00   201.00   201.00   2.000E-01   1.500E-01   6.480E-04    1.653E-08     0.000E+00      0.000E+00     0.000E+00     4.255E-03      1      1    1.000      3        1    -0.014    0.000 
96.00   96.00   201.00   201.00   2.000E-01   1.500E-01   6.354E-04    1.618E-08     0.000E+00      0.000E+00     0.000E+00     4.255E-03      1      1    1.000      3        1    -0.014    0.000 
97.00   97.00   201.00   201.00   2.000E-01   1.500E-01   6.240E-04    1.584E-08     0.000E+00      0.000E+00     0.000E+00     4.255E-03      1      1    1.000      3        1    -0.014    0.000 
98.00   98.00   201.00   201.00   2.000E-01   1.500E-01   6.167E-04    1.550E-08     0.000E+00      0.000E+00     0.000E+00     4.255E-03      1      1    1.000      3        1    -0.014    0.000 
99.00   99.00   201.00   201.00   2.000E-01   1.500E-01   6.107E-04    1.518E-08     0.000E+00      0.000E+00     0.000E+00     4.255E-03      1      1    1.000      3        1    -0.014    0.000 
100.00   100.00   201.00   201.00   2.000E-01   1.500E-01   6.056E-04    1.487E-08     0.000E+00      0.000E+00     0.000E+00     4.255E-03      1      1    1.000      3        1    -0.014    0.000 
101.00   101.00   201.00   201.00   2.000E-01   1.500E-01   6.015E-04    1.457E-08     0.000E+00      0.000E+00     0.000E+00     4.255E-03      1      1    1.000      3        1    -0.013    0.000 
102.00   102.00   201.00   201.00   2.000E-01   1.500E-01   5.978E-04    1.428E-08     0.000E+00      0.000E+00     0.000E+00     4.255E-03      1      1    1.000      3        1    -0.013    0.000 
103.00   103.00   201.00   201.00   2.000E-01   1.500E-01   5.945E-04    1.399E-08     0.000E+00      0.000E+00     0.000E+00     4.255E-03      1      1    1.000      3        1    -0.013    0.000 
104.00   104.00   201.00   201.00   2.000E-01   1.500E-01   5.916E-04    1.372E-08     0.000E+00      0.000E+00     0.000E+00     4.255E-03      1      1    1.000      3        1    -0.013    0.000 
105.00   105.00   201.00   201.00   2.000E-01   1.500E-01   5.894E-04    1.345E-08     0.000E+00      0.000E+00     0.000E+00     4.255E-03      1      1    1.000      3        1    -0.013    0.000 
106.00   106.00   201.00   201.00   2.000E-01   1.500E-01   5.879E-04    1.319E-08     0.000E+00      0.000E+00     0.000E+00     4.255E-03      1      1    1.000      3        1    -0.013    0.000 
107.00   107.00   201.00   201.00   2.000E-01   1.500E-01   5.869E-04    1.294E-08     0.000E+00      0.000E+00     0.000E+00     4.255E-03      1      1    1.000      3        1    -0.013    0.000 
108.00   108.00   201.00   201.00   2.000E-01   1.500E-01   5.855E-04    1.269E-08     0.000E+00      0.000E+00     0.000E+00     4.255E-03      1      1    1.000      3        1    -0.013    0.000 
109.00   109.00   201.00   201.00   2.000E-01   1.500E-01   5.856E-04    1.245E-08     0.000E+00      0.000E+00     0.000E+00     4.255E-03      1      1    1.000      3        1    -0.012    0.000 
110.00   110.00   201.00   201.00   2.000E-01   1.500E-01   5.859E-04    1.222E-08     0.000E+00      0.000E+00     0.000E+00     4.255E-03      1      1    1.000      3        1    -0.012    0.000 
111.00   111.00   201.00   201.00   2.000E-01   1.500E-01   5.840E-04    1.199E-08     0.000E+00      0.000E+00     0.000E+00     4.255E-03      1      1    1.000      3        1    -0.012    0.000 
112.00   112.00   201.00   201.00   2.000E-01   1.500E-01   5.831E-04    1.177E-08     0.000E+00      0.000E+00     0.000E+00     4.255E-03      1      1    1.000      3        1    -0.012    0.000 
113.00   113.00   201.00   201.00   2.000E-01   1.500E-01   5.844E-04    1.156E-08     0.000E+00      0.000E+00     0.000E+00     4.255E-03      1      1    1.000      3        1    -0.012    0.000 
114.00   114.00   201.00   201.00   2.000E-01   1.500E-01   5.861E-04    1.135E-08     0.000E+00      0.000E+00     0.000E+00     4.255E-03      1      1    1.000      3        1    -0.012    0.000 
115.00   115.00   201.00   201.00   2.000E-01   1.500E-01   5.881E-04    1.115E-08     0.000E+00      0.000E+00     0.000E+00     4.255E-03      1      1    1.000      3        1    -0.012    0.000 
116.00   116.00   201.00   201.00   2.000E-01   1.500E-01   5.903E-04    1.095E-08     0.000E+00      0.000E+00     0.000E+00     4.255E-03      1      1    1.000      3        1    -0.011    0.000 
117.00   117.00   201.00   201.00   2.000E-01   1.500E-01   5.929E-04    1.076E-08     0.000E+00      0.000E+00     0.000E+00     4.255E-03      1      1    1.000      3        1    -0.011    0.000 
118.00   118.00   201.00   201.00   2.000E-01   1.500E-01   5.957E-04    1.057E-08     0.000E+00      0.000E+00     0.000E+00     4.255E-03      1      1    1.000      3        1    -0.011    0.000 
119.00   119.00   201.00   201.00   2.000E-01   1.500E-01   5.987E-04    1.039E-08     0.000E+00      0.000E+00     0.000E+00     4.255E-03      1      1    1.000      3        1    -0.011    0.000 
120.00   120.00   201.00   201.00   2.000E-01   1.500E-01   6.020E-04    1.021E-08     0.000E+00      0.000E+00     0.000E+00     4.255E-03      1      1    1.000      3        1    -0.011    0.000 
121.00   121.00   201.00   201.00   2.000E-01   1.500E-01   6.056E-04    1.004E-08     0.000E+00      0.000E+00     0.000E+00     4.255E-03      1      1    1.000      3        1    -0.011    0.000 
122.00   122.00   201.00   201.00   2.000E-01   1.500E-01   6.093E-04    9.869E-09     0.000E+00      0.000E+00     0.000E+00     4.255E-03      1      1    1.000      3        1    -0.011    0.000 
123.00   123.00   201.00   201.00   2.000E-01   1.500E-01   6.133E-04    9.705E-09     0.000E+00      0.000E+00     0.000E+00     4.255E-03      1      1    1.000      3        1    -0.011    0.000 
124.00   124.00   201.00   201.00   2.000E-01   1.500E-01   6.174E-04    9.544E-09     0.000E+00      0.000E+00     0.000E+00     4.255E-03      1      1    1.000      3        1    -0.010    0.000 
125.00   125.00   201.00   201.00   2.000E-01   1.500E-01   6.213E-04    9.387E-09     0.000E+00      0.000E+00     0.000E+00     4.255E-03      1      1    1.000      3        1    -0.010    0.000 
126.00   126.00   201.00   201.00   2.000E-01   1.500E-01   6.259E-04    9.234E-09     0.000E+00      0.000E+00     0.000E+00     4.255E-03      1      1    1.000      3        1    -0.010    0.000 
127.00   127.00   201.00   201.00   2.000E-01   1.500E-01   6.308E-04    9.085E-09     0.000E+00      0.000E+00     0.000E+00     4.255E-03      1      1    1.000      3        1    -0.010    0.000 
128.00   128.00   201.00   201.00   2.000E-01   1.500E-01   6.346E-04    8.939E-09     0.000E+00      0.000E+00     0.000E+00     4.255E-03      1      1    1.000      3        1    -0.010    0.000 
129.00   129.00   201.00   201.00   2.000E-01   1.500E-01   6.389E-04    8.797E-09     0.000E+00      0.000E+00     0.000E+00     4.255E-03      1      1    1.000      3        1    -0.010    0.000 
130.00   130.00   201.00   201.00   2.000E-01   1.500E-01   6.446E-04    8.658E-09     0.000E+00      0.000E+00     0.000E+00     4.255E-03      1      1    1.000      3        1    -0.010    0.000 
131.00   131.00   201.00   201.00   2.000E-01   1.500E-01   6.508E-04    8.522E-09     0.000E+00      0.000E+00     0.000E+00     4.255E-03      1      1    1.000      3        1    -0.009    0.000 
132.00   132.00   201.00   201.00   2.000E-01   1.500E-01   6.572E-04    8.390E-09     0.000E+00      0.000E+00     0.000E+00     4.255E-03      1      1    1.000      3        1    -0.009    0.000 
133.00   133.00   201.00   201.00   2.000E-01   1.500E-01   6.639E-04    8.260E-09     0.000E+00      0.000E+00     0.000E+00     4.255E-03      1      1    1.000      3        1    -0.009    0.000 
134.00   134.00   201.00   201.00   2.000E-01   1.500E-01   6.710E-04    8.134E-09     0.000E+00      0.000E+00     0.000E+00     4.255E-03      1      1    1.000      3        1    -0.009    0.000 
135.00   135.00   201.00   201.00   2.000E-01   1.500E-01   6.784E-04    8.010E-09     0.000E+00      0.000E+00     0.000E+00     4.255E-03      1      1    1.000      3        1    -0.009    0.000 
136.00   136.00   201.00   201.00   2.000E-01   1.500E-01   6.861E-04    7.889E-09     0.000E+00      0.000E+00     0.000E+00     4.255E-03      1      1    1.000      3        1    -0.009    0.000 
137.00   137.00   201.00   201.00   2.000E-01   1.500E-01   6.942E-04    7.771E-09     0.000E+00      0.000E+00     0.000E+00     4.255E-03      1      1    1.000      3        1    -0.009    0.000 
138.00   138.00   201.00   201.00   2.000E-01   1.500E-01   7.027E-04    7.655E-09     0.000E+00      0.000E+00     0.000E+00     4.255E-03      1      1    1.000      3        1    -0.008    0.000 
139.00   139.00   201.00   201.00   2.000E-01   1.500E-01   7.116E-04    7.542E-09     0.000E+00      0.000E+00     0.000E+00     4.255E-03      1      1    1.000      3        1    -0.008    0.000 
140.00   140.00   201.00   201.00   2.000E-01   1.500E-01   7.209E-04    7.431E-09     0.000E+00      0.000E+00     0.000E+00     4.255E-03      1      1    1.000      3        1    -0.008    0.000 
141.00   141.00   201.00   201.00   2.000E-01   1.500E-01   7.305E-04    7.323E-09     0.000E+00      0.000E+00     0.000E+00     4.255E-03      1      1    1.000      3        1    -0.008    0.000 
142.00   142.00   201.00   201.00   2.000E-01   1.500E-01   7.406E-04    7.217E-09     0.000E+00      0.000E+00     0.000E+00     4.255E-03      1      1    1.000      3        1    -0.008    0.000 
143.00   143.00   201.00   201.00   2.000E-01   1.500E-01   7.512E-04    7.113E-09     0.000E+00      0.000E+00     0.000E+00     4.255E-03      1      1    1.000      3        1    -0.008    0.000 
144.00   144.00   201.00   201.00   2.000E-01   1.500E-01   7.622E-04    7.012E-09     0.000E+00      0.000E+00     0.000E+00     4.255E-03      1      1    1.000      3        1    -0.008    0.000 
145.00   145.00   201.00   201.00   2.000E-01   1.500E-01   7.736E-04    6.913E-09     0.000E+00      0.000E+00     0.000E+00     4.255E-03      1      1    1.000      3        1    -0.008    0.000 
146.00   146.00   201.00   201.00   2.000E-01   1.500E-01   7.856E-04    6.815E-09     0.000E+00      0.000E+00     0.000E+00     4.255E-03      1      1    1.000      3        1    -0.007    0.000 
147.00   147.00   201.00   201.00   2.000E-01   1.500E-01   7.982E-04    6.638E-09     0.000E+00      0.000E+00     0.000E+00     4.255E-03      1      1    1.000      3        1    -0.007    0.000 
148.00   148.00   201.00   201.00   2.000E-01   1.500E-01   8.112E-04    6.548E-09     0.000E+00      0.000E+00     0.000E+00     4.255E-03      1      1    1.000      3        1    -0.007    0.000 
149.00   149.00   201.00   201.00   2.000E-01   1.500E-01   8.248E-04    6.460E-09     0.000E+00      0.000E+00     0.000E+00     4.255E-03      1      1    1.000      3        1    -0.007    0.000 
150.00   150.00   201.00   201.00   2.000E-01   1.500E-01   8.390E-04    6.373E-09     0.000E+00      0.000E+00     0.000E+00     4.255E-03      1      1    1.000      3        1    -0.007    0.000 
151.00   151.00   201.00   201.00   2.000E-01   1.500E-01   8.539E-04    6.288E-09     0.000E+00      0.000E+00     0.000E+00     4.255E-03      1      1    1.000      3        1    -0.007    0.000 
152.00   152.00   201.00   201.00   2.000E-01   1.500E-01   8.693E-04    6.205E-09     0.000E+00      0.000E+00     0.000E+00     4.255E-03      1      1    1.000      3        1    -0.007    0.000 
153.00   153.00   201.00   201.00   2.000E-01   1.500E-01   8.855E-04    6.123E-09     0.000E+00      0.000E+00     0.000E+00     4.255E-03      1      1    1.000      3        1    -0.006    0.000 
154.00   154.00   201.00   201.00   2.000E-01   1.500E-01   9.023E-04    6.043E-09     0.000E+00      0.000E+00     0.000E+00     4.255E-03      1      1    1.000      3        1    -0.006    0.000 
155.00   155.00   201.00   201.00   2.000E-01   1.500E-01   9.200E-04    5.965E-09     0.000E+00      0.000E+00     0.000E+00     4.255E-03      1      1    1.000      3        1    -0.006    0.000 
156.00   156.00   201.00   201.00   2.000E-01   1.500E-01   9.384E-04    5.888E-09     0.000E+00      0.000E+00     0.000E+00     4.255E-03      1      1    1.000      3        1    -0.006    0.000 
157.00   157.00   201.00   201.00   2.000E-01   1.500E-01   9.576E-04    5.812E-09     0.000E+00      0.000E+00     0.000E+00     4.255E-03      1      1    1.000      3        1    -0.006    0.000 
158.00   158.00   201.00   201.00   2.000E-01   1.500E-01   9.778E-04    5.738E-09     0.000E+00      0.000E+00     0.000E+00     4.255E-03      1      1    1.000      3        1    -0.006    0.000 
159.00   159.00   201.00   201.00   2.000E-01   1.500E-01   9.433E-04    5.666E-09     0.000E+00      0.000E+00     0.000E+00     4.255E-03      1      1    1.000      3        1    -0.006    0.000 
160.00   160.00   201.00   201.00   2.000E-01   1.500E-01   9.648E-04    5.594E-09     0.000E+00      0.000E+00     0.000E+00     4.255E-03      1      1    1.000      3        1    -0.006    0.000 
161.00   161.00   201.00   201.00   2.000E-01   1.500E-01   9.873E-04    5.524E-09     0.000E+00      0.000E+00     0.000E+00     4.255E-03      1      1    1.000      3        1    -0.005    0.000 
162.00   162.00   201.00   201.00   2.000E-01   1.500E-01   1.011E-03    5.456E-09     0.000E+00      0.000E+00     0.000E+00     4.255E-03      1      1    1.000      3        1    -0.005    0.000 
163.00   163.00   201.00   201.00   2.000E-01   1.500E-01   1.036E-03    5.388E-09     0.000E+00      0.000E+00     0.000E+00     4.255E-03      1      1    1.000      3        1    -0.005    0.000 
164.00   164.00   201.00   201.00   2.000E-01   1.500E-01   1.062E-03    5.322E-09     0.000E+00      0.000E+00     0.000E+00     4.255E-03      1      1    1.000      3        1    -0.005    0.000 
165.00   165.00   201.00   201.00   2.000E-01   1.500E-01   1.090E-03    5.257E-09     0.000E+00      0.000E+00     0.000E+00     4.255E-03      1      1    1.000      3        1    -0.005    0.000 
166.00   166.00   201.00   201.00   2.000E-01   1.500E-01   1.119E-03    5.193E-09     0.000E+00      0.000E+00     0.000E+00     4.255E-03      1      1    1.000      3        1    -0.005    0.000 
167.00   167.00   201.00   201.00   2.000E-01   1.500E-01   1.149E-03    5.131E-09     0.000E+00      0.000E+00     0.000E+00     4.255E-03      1      1    1.000      3        1    -0.005    0.000 
168.00   168.00   201.00   201.00   2.000E-01   1.500E-01   1.182E-03    5.069E-09     0.000E+00      0.000E+00     0.000E+00     4.255E-03      1      1    1.000      3        1    -0.004    0.000 
169.00   169.00   201.00   201.00   2.000E-01   1.500E-01   1.216E-03    5.009E-09     0.000E+00      0.000E+00     0.000E+00     4.255E-03      1      1    1.000      3        1    -0.004    0.000 
170.00   170.00   201.00   201.00   2.000E-01   1.500E-01   1.252E-03    4.922E-09     0.000E+00      0.000E+00     0.000E+00     4.255E-03      1      1    1.000      3        1    -0.004    0.000 
171.00   171.00   201.00   201.00   2.000E-01   1.500E-01   1.291E-03    4.865E-09     0.000E+00      0.000E+00     0.000E+00     4.255E-03      1      1    1.000      3        1    -0.004    0.000 
172.00   172.00   201.00   201.00   2.000E-01   1.500E-01   1.332E-03    4.808E-09     0.000E+00      0.000E+00     0.000E+00     4.255E-03      1      1    1.000      3        1    -0.004    0.000 
173.00   173.00   201.00   201.00   2.000E-01   1.500E-01   1.375E-03    4.753E-09     0.000E+00      0.000E+00     0.000E+00     4.255E-03      1      1    1.000      3        1    -0.004    0.000 
174.00   174.00   201.00   201.00   2.000E-01   1.500E-01   1.422E-03    4.699E-09     0.000E+00      0.000E+00     0.000E+00     4.255E-03      1      1    1.000      3        1    -0.004    0.000 
175.00   175.00   201.00   201.00   2.000E-01   1.500E-01   1.472E-03    4.646E-09     0.000E+00      0.000E+00     0.000E+00     4.255E-03      1      1    1.000      3        1    -0.003    0.000 
176.00   176.00   201.00   201.00   2.000E-01   1.500E-01   1.585E-03    4.594E-09     0.000E+00      0.000E+00     0.000E+00     4.255E-03      1      1    1.000      3        1    -0.003    0.000 
177.00   177.00   201.00   201.00   2.000E-01   1.500E-01   1.642E-03    4.542E-09     0.000E+00      0.000E+00     0.000E+00     4.255E-03      1      1    1.000      3        1    -0.003    0.000 
178.00   178.00   201.00   201.00   2.000E-01   1.500E-01   1.704E-03    4.491E-09     0.000E+00      0.000E+00     0.000E+00     4.255E-03      1      1    1.000      3        1    -0.003    0.000 
179.00   179.00   201.00   201.00   2.000E-01   1.500E-01   1.772E-03    4.442E-09     0.000E+00      0.000E+00     0.000E+00     4.255E-03      1      1    1.000      3        1    -0.003    0.000 
180.00   180.00   201.00   201.00   2.000E-01   1.500E-01   1.846E-03    4.393E-09     0.000E+00      0.000E+00     0.000E+00     4.255E-03      1      1    1.000      3        1    -0.003    0.000 
181.00   181.00   201.00   201.00   2.000E-01   1.500E-01   1.927E-03    4.345E-09     0.000E+00      0.000E+00     0.000E+00     4.255E-03      1      1    1.000      3        1    -0.003    0.000 
182.00   182.00   201.00   201.00   2.000E-01   1.500E-01   2.016E-03    4.297E-09     0.000E+00      0.000E+00     0.000E+00     4.255E-03      1      1    1.000      3        1    -0.003    0.000 
183.00   183.00   201.00   201.00   2.000E-01   1.500E-01   2.115E-03    4.251E-09     0.000E+00      0.000E+00     0.000E+00     4.255E-03      1      1    1.000      3        1    -0.002    0.000 
184.00   184.00   201.00   201.00   2.000E-01   1.500E-01   2.225E-03    4.205E-09     0.000E+00      0.000E+00     0.000E+00     4.255E-03      1      1    1.000      3        1    -0.002    0.000 
185.00   185.00   201.00   201.00   2.000E-01   1.500E-01   2.348E-03    4.160E-09     0.000E+00      0.000E+00     0.000E+00     4.255E-03      1      1    1.000      3        1    -0.002    0.000 
186.00   186.00   201.00   201.00   2.000E-01   1.500E-01   2.487E-03    4.115E-09     0.000E+00      0.000E+00     0.000E+00     4.255E-03      1      1    1.000      3        1    -0.002    0.000 
187.00   187.00   201.00   201.00   2.000E-01   1.500E-01   2.644E-03    4.072E-09     0.000E+00      0.000E+00     0.000E+00     4.255E-03      1      1    1.000      3        1    -0.002    0.000 
188.00   188.00   201.00   201.00   2.000E-01   1.500E-01   2.822E-03    4.029E-09     0.000E+00      0.000E+00     0.000E+00     4.255E-03      1      1    1.000      3        1    -0.002    0.000 
189.00   189.00   201.00   201.00   2.000E-01   1.500E-01   3.026E-03    3.986E-09     0.000E+00      0.000E+00     0.000E+00     4.255E-03      1      1    1.000      3        1    -0.002    0.000 
190.00   190.00   201.00   201.00   2.000E-01   1.500E-01   3.260E-03    3.945E-09     0.000E+00      0.000E+00     0.000E+00     4.255E-03      1      1    1.000      3        1    -0.001    0.000 
191.00   191.00   201.00   201.00   2.000E-01   1.500E-01   3.531E-03    3.904E-09     0.000E+00      0.000E+00     0.000E+00     4.255E-03      1      1    1.000      3        1    -0.001    0.000 
192.00   192.00   201.00   201.00   2.000E-01   1.500E-01   3.846E-03    3.863E-09     0.000E+00      0.000E+00     0.000E+00     4.255E-03      1      1    1.000      3        1    -0.001    0.000 
193.00   193.00   201.00   201.00   2.000E-01   1.500E-01   4.215E-03    3.824E-09     0.000E+00      0.000E+00     0.000E+00     4.255E-03      1      1    1.000      3        1    -0.001    0.000 
194.00   194.00   201.00   201.00   2.000E-01   1.500E-01   4.653E-03    3.784E-09     0.000E+00      0.000E+00     0.000E+00     4.255E-03      1      1    1.000      3        1    -0.001    0.000 
195.00   195.00   201.00   201.00   2.000E-01   1.500E-01   5.176E-03    3.746E-09     0.000E+00      0.000E+00     0.000E+00     4.255E-03      1      1    1.000      3        1    -0.001    0.000 
196.00   196.00   201.00   201.00   2.000E-01   1.500E-01   5.808E-03    3.708E-09     0.000E+00      0.000E+00     0.000E+00     4.255E-03      1      1    1.000      3        1    -0.001    0.000 
197.00   197.00   201.00   201.00   2.000E-01   1.500E-01   6.586E-03    3.671E-09     0.000E+00      0.000E+00     0.000E+00     4.255E-03      1      1    1.000      3        1    -0.001    0.000 
198.00   198.00   201.00   201.00   2.000E-01   1.500E-01   7.559E-03    3.634E-09     0.000E+00      0.000E+00     0.000E+00     4.255E-03      1      1    1.000      3        1    -0.000    0.000 
199.00   199.00   201.00   201.00   2.000E-01   1.500E-01   8.810E-03    3.597E-09     0.000E+00      0.000E+00     0.000E+00     4.255E-03      1      1    1.000      3        1    -0.001    0.000 
200.00   200.00   201.00   201.00   2.000E-01   1.500E-01   1.043E-02    3.562E-09     0.000E+00      0.000E+00     0.000E+00     4.255E-03      1      1    1.000      3        1    -0.001    0.000 
