 Mh1    Mh2      cs_(fb)   
 10.0    11.0    2.1054E+04 
 11.0    12.0    1.8968E+04 
 12.0    13.0    1.8388E+04 
 13.0    14.0    1.8869E+04 
 14.0    15.0    1.7773E+04 
 15.0    16.0    1.7548E+04 
 16.0    17.0    1.7337E+04 
 17.0    18.0    1.6717E+04 
 18.0    19.0    1.6008E+04 
 19.0    20.0    1.5524E+04 
 20.0    21.0    1.4960E+04 
 21.0    22.0    1.4364E+04 
 22.0    23.0    1.3923E+04 
 23.0    24.0    1.3197E+04 
 24.0    25.0    1.2785E+04 
 25.0    26.0    1.2126E+04 
 26.0    27.0    1.1729E+04 
 27.0    28.0    1.0804E+04 
 28.0    29.0    1.0031E+04 
 29.0    30.0    9.4323E+03 
 30.0    31.0    8.7865E+03 
 31.0    32.0    8.0219E+03 
 32.0    33.0    7.4357E+03 
 33.0    34.0    6.7456E+03 
 34.0    35.0    6.0370E+03 
 35.0    36.0    5.3666E+03 
 36.0    37.0    4.7203E+03 
 37.0    38.0    4.0912E+03 
 38.0    39.0    3.4932E+03 
 39.0    40.0    2.8871E+03 
 40.0    41.0    2.3324E+03 
 41.0    42.0    1.8138E+03 
 42.0    43.0    1.3380E+03 
 43.0    44.0    9.3811E+02 
 44.0    45.0    6.0881E+02 
 45.0    46.0    3.9844E+02 
 46.0    47.0    3.0612E+02 
 47.0    48.0    2.5831E+02 
 48.0    49.0    2.2621E+02 
 49.0    50.0    2.0358E+02 
 50.0    51.0    1.8507E+02 
 51.0    52.0    1.6952E+02 
 52.0    53.0    1.5658E+02 
 53.0    54.0    1.4529E+02 
 54.0    55.0    1.3542E+02 
 55.0    56.0    1.2687E+02 
 56.0    57.0    1.1910E+02 
 57.0    58.0    1.1226E+02 
 58.0    59.0    1.0586E+02 
 59.0    60.0    1.0010E+02 
 60.0    61.0    9.5009E+01 
 61.0    62.0    9.0152E+01 
 62.0    63.0    8.5697E+01 
 63.0    64.0    8.1465E+01 
 64.0    65.0    7.7643E+01 
 65.0    66.0    7.4132E+01 
 66.0    67.0    7.0874E+01 
 67.0    68.0    6.7711E+01 
 68.0    69.0    6.4796E+01 
 69.0    70.0    6.2159E+01 
 70.0    71.0    5.9451E+01 
 71.0    72.0    5.7109E+01 
 72.0    73.0    5.4869E+01 
 73.0    74.0    5.2732E+01 
 74.0    75.0    5.0690E+01 
 75.0    76.0    4.8793E+01 
 76.0    77.0    4.6918E+01 
 77.0    78.0    4.5220E+01 
 78.0    79.0    4.3603E+01 
 79.0    80.0    4.2060E+01 
 80.0    81.0    4.0539E+01 
 81.0    82.0    3.9146E+01 
 82.0    83.0    3.7813E+01 
 83.0    84.0    3.6549E+01 
 84.0    85.0    3.5321E+01 
 85.0    86.0    3.4180E+01 
 86.0    87.0    3.3029E+01 
 87.0    88.0    3.1999E+01 
 88.0    89.0    3.0982E+01 
 89.0    90.0    2.9985E+01 
 90.0    91.0    2.9072E+01 
 91.0    92.0    2.8209E+01 
 92.0    93.0    2.7315E+01 
 93.0    94.0    2.6512E+01 
 94.0    95.0    2.5731E+01 
 95.0    96.0    2.4948E+01 
 96.0    97.0    2.4207E+01 
 97.0    98.0    2.3519E+01 
 98.0    99.0    2.2857E+01 
 99.0    100.0    2.2216E+01 
 100.0    101.0    2.1580E+01 
 101.0    102.0    2.0971E+01 
 102.0    103.0    2.0394E+01 
 103.0    104.0    1.9840E+01 
 104.0    105.0    1.9311E+01 
 105.0    106.0    1.8776E+01 
 106.0    107.0    1.8296E+01 
 107.0    108.0    1.7793E+01 
 108.0    109.0    1.7319E+01 
 109.0    110.0    1.6872E+01 
 110.0    111.0    1.6455E+01 
 111.0    112.0    1.6016E+01 
 112.0    113.0    1.5599E+01 
 113.0    114.0    1.5220E+01 
 114.0    115.0    1.4825E+01 
 115.0    116.0    1.4465E+01 
 116.0    117.0    1.4121E+01 
 117.0    118.0    1.3766E+01 
 118.0    119.0    1.3446E+01 
 119.0    120.0    1.3104E+01 
 120.0    121.0    1.2777E+01 
 121.0    122.0    1.2491E+01 
 122.0    123.0    1.2200E+01 
 123.0    124.0    1.1915E+01 
 124.0    125.0    1.1630E+01 
 125.0    126.0    1.1370E+01 
 126.0    127.0    1.1100E+01 
 127.0    128.0    1.0855E+01 
 128.0    129.0    1.0603E+01 
 129.0    130.0    1.0358E+01 
 130.0    131.0    1.0131E+01 
 131.0    132.0    9.8968E+00 
 132.0    133.0    9.6890E+00 
 133.0    134.0    9.4731E+00 
 134.0    135.0    9.2627E+00 
 135.0    136.0    9.0714E+00 
 136.0    137.0    8.8726E+00 
 137.0    138.0    8.6766E+00 
 138.0    139.0    8.5094E+00 
 139.0    140.0    8.3168E+00 
 140.0    141.0    8.1380E+00 
 141.0    142.0    7.9660E+00 
 142.0    143.0    7.8081E+00 
 143.0    144.0    7.6465E+00 
 144.0    145.0    7.4792E+00 
 145.0    146.0    7.3267E+00 
 146.0    147.0    7.1770E+00 
 147.0    148.0    7.0365E+00 
 148.0    149.0    6.9000E+00 
 149.0    150.0    6.7585E+00 
 150.0    151.0    6.6242E+00 
 151.0    152.0    6.4889E+00 
 152.0    153.0    6.3597E+00 
 153.0    154.0    6.2380E+00 
 154.0    155.0    6.1184E+00 
 155.0    156.0    5.9976E+00 
 156.0    157.0    5.8829E+00 
 157.0    158.0    5.7671E+00 
 158.0    159.0    5.6604E+00 
 159.0    160.0    5.5525E+00 
 160.0    161.0    5.4452E+00 
 161.0    162.0    5.3378E+00 
 162.0    163.0    5.2416E+00 
 163.0    164.0    5.1459E+00 
 164.0    165.0    5.0473E+00 
 165.0    166.0    4.9554E+00 
 166.0    167.0    4.8626E+00 
 167.0    168.0    4.7749E+00 
 168.0    169.0    4.6868E+00 
 169.0    170.0    4.6056E+00 
 170.0    171.0    4.5189E+00 
 171.0    172.0    4.4380E+00 
 172.0    173.0    4.3561E+00 
 173.0    174.0    4.2831E+00 
 174.0    175.0    4.2043E+00 
 175.0    176.0    4.1323E+00 
 176.0    177.0    4.0586E+00 
 177.0    178.0    3.9865E+00 
 178.0    179.0    3.9180E+00 
 179.0    180.0    3.8519E+00 
 180.0    181.0    3.7829E+00 
 181.0    182.0    3.7174E+00 
 182.0    183.0    3.6528E+00 
 183.0    184.0    3.5894E+00 
 184.0    185.0    3.5299E+00 
 185.0    186.0    3.4700E+00 
 186.0    187.0    3.4140E+00 
 187.0    188.0    3.3525E+00 
 188.0    189.0    3.3009E+00 
 189.0    190.0    3.2462E+00 
 190.0    191.0    3.1919E+00 
 191.0    192.0    3.1376E+00 
 192.0    193.0    3.0857E+00 
 193.0    194.0    3.0342E+00 
 194.0    195.0    2.9846E+00 
 195.0    196.0    2.9371E+00 
 196.0    197.0    2.8916E+00 
 197.0    198.0    2.8443E+00 
 198.0    199.0    2.7964E+00 
 199.0    200.0    2.7500E+00 
 200.0    201.0    2.7087E+00 
