 Mh1    ld345       cs_(fb)   
 10    0.013408    1.3146E+02 
 11    0.013427    1.3130E+02 
 12    0.013447    1.3135E+02 
 13    0.013470    1.3125E+02 
 14    0.013494    1.3143E+02 
 15    0.013521    1.3151E+02 
 16    0.013549    1.3113E+02 
 17    0.013580    1.3130E+02 
 18    0.013613    1.3132E+02 
 19    0.013649    1.3124E+02 
 20    0.013686    1.3128E+02 
 21    0.013727    1.3144E+02 
 22    0.013770    1.3126E+02 
 23    0.013815    1.3133E+02 
 24    0.013864    1.3124E+02 
 25    0.013915    1.3121E+02 
 26    0.013970    1.3120E+02 
 27    0.014028    1.3136E+02 
 28    0.014089    1.3143E+02 
 29    0.014154    1.3127E+02 
 30    0.014223    1.3150E+02 
 31    0.014296    1.3126E+02 
 32    0.014374    1.3167E+02 
 33    0.014456    1.3121E+02 
 34    0.014543    1.3114E+02 
 35    0.014636    1.3140E+02 
 36    0.014734    1.3150E+02 
 37    0.014839    1.3135E+02 
 38    0.014951    1.3117E+02 
 39    0.015070    1.3120E+02 
 40    0.015198    1.3149E+02 
 41    0.015334    1.3141E+02 
 42    0.015480    1.3132E+02 
 43    0.015638    1.3150E+02 
 44    0.015808    1.3133E+02 
 45    0.015992    1.3130E+02 
 46    0.016191    1.3132E+02 
 47    0.016408    1.3146E+02 
 48    0.016646    1.3148E+02 
 49    0.016908    1.3118E+02 
 50    0.017198    1.3135E+02 
 51    0.017522    1.3162E+02 
 52    0.017886    1.3139E+02 
 53    0.018299    1.3121E+02 
 54    0.018774    1.3142E+02 
 55    0.019330    1.3141E+02 
 56    0.019991    1.3149E+02 
 57    0.020800    1.3162E+02 
 58    0.021825    1.3139E+02 
 59    0.023192    1.3114E+02 
 60    0.025176    1.3134E+02 
 61    0.028547    1.3139E+02 
 62    0.037494    1.3137E+02 
 63    1.630278    2.8362E+02 
 64    1.634614    1.3577E+02 
 65    1.639018    9.2744E+01 
 66    1.643490    7.0334E+01 
 67    1.648030    5.6765E+01 
 68    1.652639    4.7328E+01 
 69    1.657316    4.0391E+01 
 70    1.662061    3.5141E+01 
 71    1.666875    3.0927E+01 
 72    1.671757    2.7522E+01 
 73    1.676707    2.4753E+01 
 74    1.681725    2.2339E+01 
 75    1.686812    2.0322E+01 
 76    1.691967    1.8612E+01 
 77    1.697190    1.7075E+01 
 78    1.702482    1.5776E+01 
 79    1.707841    1.4602E+01 
 80    1.713269    1.3563E+01 
 81    1.718766    1.2626E+01 
 82    1.724330    1.1789E+01 
 83    1.729963    1.1059E+01 
 84    1.735664    1.0365E+01 
 85    1.741434    9.7439E+00 
 86    1.747272    9.1895E+00 
 87    1.753178    8.6587E+00 
 88    1.759152    8.1737E+00 
 89    1.765194    7.7457E+00 
 90    1.771305    7.3462E+00 
 91    1.777484    6.9702E+00 
 92    1.783732    6.6344E+00 
 93    1.790047    6.3017E+00 
 94    1.796431    6.0102E+00 
 95    1.802884    5.7431E+00 
 96    1.809404    5.4685E+00 
 97    1.815993    5.2352E+00 
 98    1.822650    5.0070E+00 
 99    1.829375    4.7862E+00 
 100    1.836169    4.5986E+00 
 101    1.843031    4.3957E+00 
 102    1.849961    4.2278E+00 
 103    1.856959    4.0552E+00 
 104    1.864026    3.8964E+00 
 105    1.871161    3.7468E+00 
 106    1.878364    3.6082E+00 
 107    1.885636    3.4740E+00 
 108    1.892976    3.3504E+00 
 109    1.900384    3.2353E+00 
 110    1.907860    3.1162E+00 
 111    1.915405    3.0071E+00 
 112    1.923018    2.9019E+00 
 113    1.930699    2.8147E+00 
 114    1.938448    2.7159E+00 
 115    1.946266    2.6293E+00 
 116    1.954152    2.5389E+00 
 117    1.962106    2.4638E+00 
 118    1.970129    2.3854E+00 
 119    1.978220    2.3152E+00 
 120    1.986379    2.2405E+00 
 121    1.994606    2.1710E+00 
 122    2.002902    2.1080E+00 
 123    2.011266    2.0447E+00 
 124    2.019698    1.9859E+00 
 125    2.028199    1.9287E+00 
 126    2.036768    1.8780E+00 
 127    2.045405    1.8240E+00 
 128    2.054110    1.7750E+00 
 129    2.062884    1.7250E+00 
 130    2.071726    1.6809E+00 
 131    2.080636    1.6339E+00 
 132    2.089614    1.5901E+00 
 133    2.098661    1.5490E+00 
 134    2.107776    1.5106E+00 
 135    2.116960    1.4712E+00 
 136    2.126211    1.4316E+00 
 137    2.135531    1.3991E+00 
 138    2.144919    1.3651E+00 
 139    2.154376    1.3311E+00 
 140    2.163900    1.3013E+00 
 141    2.173493    1.2669E+00 
 142    2.183155    1.2384E+00 
 143    2.192884    1.2084E+00 
 144    2.202682    1.1811E+00 
 145    2.212548    1.1547E+00 
 146    2.222482    1.1281E+00 
 147    2.232485    1.1029E+00 
 148    2.242556    1.0782E+00 
 149    2.252695    1.0529E+00 
 150    2.262902    1.0294E+00 
 151    2.273178    1.0094E+00 
 152    2.283522    9.8891E-01 
 153    2.293935    9.6719E-01 
 154    2.304415    9.4571E-01 
 155    2.314964    9.2714E-01 
 156    2.325581    9.0786E-01 
 157    2.336267    8.8937E-01 
 158    2.347020    8.7199E-01 
 159    2.357842    8.5274E-01 
 160    2.368733    8.3772E-01 
 161    2.379691    8.2050E-01 
 162    2.390718    8.0602E-01 
 163    2.401813    7.8926E-01 
 164    2.412976    7.7394E-01 
 165    2.424208    7.5967E-01 
 166    2.435508    7.4575E-01 
 167    2.446876    7.3225E-01 
 168    2.458313    7.1818E-01 
 169    2.469817    7.0437E-01 
 170    2.481390    6.9233E-01 
 171    2.493032    6.7957E-01 
 172    2.504741    6.6780E-01 
 173    2.516519    6.5555E-01 
 174    2.528365    6.4402E-01 
 175    2.540279    6.3252E-01 
 176    2.552262    6.2179E-01 
 177    2.564313    6.1113E-01 
 178    2.576432    6.0110E-01 
 179    2.588620    5.9039E-01 
 180    2.600876    5.8116E-01 
 181    2.613200    5.7109E-01 
 182    2.625592    5.6074E-01 
 183    2.638053    5.5225E-01 
 184    2.650582    5.4310E-01 
 185    2.663179    5.3411E-01 
 186    2.675844    5.2645E-01 
 187    2.688578    5.1834E-01 
 188    2.701380    5.1044E-01 
 189    2.714250    5.0146E-01 
 190    2.727189    4.9312E-01 
 191    2.740196    4.8582E-01 
 192    2.753271    4.7871E-01 
 193    2.766414    4.7200E-01 
 194    2.779626    4.6460E-01 
 195    2.792906    4.5753E-01 
 196    2.806254    4.5031E-01 
 197    2.819670    4.4339E-01 
 198    2.833155    4.3693E-01 
 199    2.846709    4.3106E-01 
 200    2.860330    4.2464E-01 
